                                                                                                                                                                                                                                                                
                        1                        2
                   M_star                   R_star
  0.2387040000000000E+034  0.2774205914520209E+012
                        1                        2                        3                        4                        5
                        l                     n_pg                 Re(freq)                 Im(freq)                   E_norm
                        0                        1  0.2881724071095552E+002  0.0000000000000000E+000  0.4639145017803743E-001
                        0                        2  0.5328646697915159E+002  0.0000000000000000E+000  0.3043150508401832E-002
                        0                        3  0.7544975314715761E+002  0.0000000000000000E+000  0.4506150373149305E-003
                        0                        4  0.9651815534686206E+002  0.0000000000000000E+000  0.9386038763769091E-004
                        0                        5  0.1167591200752064E+003  0.0000000000000000E+000  0.2196282091463519E-004
                        0                        6  0.1354492622181828E+003  0.0000000000000000E+000  0.6505621937006459E-005
