                                                                                                                                                                                                                                                                
                        1                        2
                   M_star                   R_star
  0.2387040000000000E+034  0.1389175311441881E+013
                        1                        2                        3                        4                        5
                        l                     n_pg                 Re(freq)                 Im(freq)                   E_norm
                        0                        6  0.1106141637582091E+002  0.0000000000000000E+000  0.3292620163589019E-004
                        0                        7  0.1276527490285990E+002  0.0000000000000000E+000  0.2732748429158569E-004
                        0                        8  0.1451172828921495E+002  0.0000000000000000E+000  0.2775062518693279E-004
                        0                        9  0.1628453216291595E+002  0.0000000000000000E+000  0.2668139238581760E-004
                        0                       10  0.1805825077439646E+002  0.0000000000000000E+000  0.2661177265430032E-004
                        0                       11  0.1984879453003391E+002  0.0000000000000000E+000  0.2685485471747402E-004
                        0                       12  0.2164669989412666E+002  0.0000000000000000E+000  0.2723377259025635E-004
                        0                       13  0.2344897106080644E+002  0.0000000000000000E+000  0.2752657903985531E-004
                        0                       14  0.2525749448664642E+002  0.0000000000000000E+000  0.2811608431821439E-004
                        0                       15  0.2706888101023871E+002  0.0000000000000000E+000  0.2851536592388977E-004
                        0                       16  0.2888431079421899E+002  0.0000000000000000E+000  0.2912503458169378E-004
                        0                       17  0.3070242232495729E+002  0.0000000000000000E+000  0.2953357740209666E-004
                        0                       18  0.3252181218988434E+002  0.0000000000000000E+000  0.3007842031353375E-004
                        0                       19  0.3434483477169666E+002  0.0000000000000000E+000  0.3050173629742223E-004
                        0                       20  0.3616774908914041E+002  0.0000000000000000E+000  0.3091742922534894E-004
                        0                       21  0.3799341646805585E+002  0.0000000000000000E+000  0.3130453775046145E-004
                        0                       22  0.3981956619216516E+002  0.0000000000000000E+000  0.3161161372868738E-004
                        0                       23  0.4164696351007959E+002  0.0000000000000000E+000  0.3188787381105696E-004
                        0                       24  0.4347521829613417E+002  0.0000000000000000E+000  0.3210446076287814E-004
                        0                       25  0.4530430715830261E+002  0.0000000000000000E+000  0.3225922308869467E-004
                        0                       26  0.4713393119637417E+002  0.0000000000000000E+000  0.3234401368642291E-004
                        0                       27  0.4896393434329907E+002  0.0000000000000000E+000  0.3238181411589608E-004
                        0                       28  0.5079458063987729E+002  0.0000000000000000E+000  0.3235436389017432E-004
                        0                       29  0.5262540530756798E+002  0.0000000000000000E+000  0.3227272724516184E-004
                        0                       30  0.5445648002292840E+002  0.0000000000000000E+000  0.3211993085601518E-004
                        0                       31  0.5628777787279018E+002  0.0000000000000000E+000  0.3193934140307104E-004
                        0                       32  0.5811919226548495E+002  0.0000000000000000E+000  0.3168623691112957E-004
                        0                       33  0.5995074204063190E+002  0.0000000000000000E+000  0.3138834774723298E-004
                        0                       34  0.6178214267124462E+002  0.0000000000000000E+000  0.3104429794544826E-004
                        0                       35  0.6361361970130162E+002  0.0000000000000000E+000  0.3065713161741535E-004
                        0                       36  0.6544494344390306E+002  0.0000000000000000E+000  0.3023090274401339E-004
                        0                       37  0.6727611595691991E+002  0.0000000000000000E+000  0.2976348034289694E-004
                        0                       38  0.6910713152848909E+002  0.0000000000000000E+000  0.2927509794632239E-004
                        0                       39  0.7093768192359201E+002  0.0000000000000000E+000  0.2874674882306562E-004
                        0                       40  0.7276824416479705E+002  0.0000000000000000E+000  0.2822140458171719E-004
                        0                       41  0.7459823309125815E+002  0.0000000000000000E+000  0.2764455224661511E-004
                        0                       42  0.7642783907858886E+002  0.0000000000000000E+000  0.2710188270160764E-004
                        0                       43  0.7825728726246152E+002  0.0000000000000000E+000  0.2652329129896787E-004
                        0                       44  0.8008613636103138E+002  0.0000000000000000E+000  0.2595709887728324E-004
                        0                       45  0.8191468291645710E+002  0.0000000000000000E+000  0.2539035299784075E-004
                        0                       46  0.8374277019900626E+002  0.0000000000000000E+000  0.2482503881243865E-004
                        0                       47  0.8557028986891515E+002  0.0000000000000000E+000  0.2427388139106746E-004
                        0                       48  0.8739747953205607E+002  0.0000000000000000E+000  0.2374132687280033E-004
                        0                       49  0.8922417751706986E+002  0.0000000000000000E+000  0.2321769965353198E-004
                        0                       50  0.9105024234641755E+002  0.0000000000000000E+000  0.2270825620020831E-004
                        0                       51  0.9287577264867843E+002  0.0000000000000000E+000  0.2224027824166340E-004
                        0                       52  0.9470094644073762E+002  0.0000000000000000E+000  0.2179487535388624E-004
                        0                       53  0.9652570820706717E+002  0.0000000000000000E+000  0.2138080529274397E-004
                        0                       54  0.9834995935998963E+002  0.0000000000000000E+000  0.2100046394506925E-004
                        0                       55  0.1001736455597058E+003  0.0000000000000000E+000  0.2065981720746452E-004
                        0                       56  0.1019971899711998E+003  0.0000000000000000E+000  0.2037725246176767E-004
                        0                       57  0.1038208292058674E+003  0.0000000000000000E+000  0.2010973404421394E-004
                        0                       58  0.1056441139687163E+003  0.0000000000000000E+000  0.1987770570903565E-004
                        0                       59  0.1074669857299741E+003  0.0000000000000000E+000  0.1966520758453612E-004
                        0                       60  0.1092896084935633E+003  0.0000000000000000E+000  0.1952039474625723E-004
                        0                       61  0.1111123351301958E+003  0.0000000000000000E+000  0.1940560543349318E-004
                        0                       62  0.1129351721686632E+003  0.0000000000000000E+000  0.1934316272201479E-004
                        0                       63  0.1147581838039625E+003  0.0000000000000000E+000  0.1929299209102074E-004
                        0                       64  0.1165812842536551E+003  0.0000000000000000E+000  0.1928642548281934E-004
                        0                       65  0.1184043281186339E+003  0.0000000000000000E+000  0.1929773753595834E-004
                        0                       66  0.1202275782173695E+003  0.0000000000000000E+000  0.1935310997919992E-004
                        0                       67  0.1220509626478601E+003  0.0000000000000000E+000  0.1944040227057874E-004
                        0                       68  0.1238746918378532E+003  0.0000000000000000E+000  0.1956600865261992E-004
                        0                       69  0.1256988149169828E+003  0.0000000000000000E+000  0.1972333058839451E-004
                        0                       70  0.1275233561878578E+003  0.0000000000000000E+000  0.1991092806645183E-004
                        0                       71  0.1293484097952386E+003  0.0000000000000000E+000  0.2012320492293129E-004
                        0                       72  0.1311739120179564E+003  0.0000000000000000E+000  0.2034879938463712E-004
                        0                       73  0.1329998900236855E+003  0.0000000000000000E+000  0.2059018671414014E-004
                        0                       74  0.1348263294995764E+003  0.0000000000000000E+000  0.2084152983991558E-004
                        0                       75  0.1366531751855191E+003  0.0000000000000000E+000  0.2110171222415678E-004
                        0                       76  0.1384804281294994E+003  0.0000000000000000E+000  0.2137939803836567E-004
                        0                       77  0.1403081463662349E+003  0.0000000000000000E+000  0.2165229839239467E-004
                        0                       78  0.1421362115384017E+003  0.0000000000000000E+000  0.2194822498118120E-004
                        0                       79  0.1439646926616606E+003  0.0000000000000000E+000  0.2221708234455913E-004
                        0                       80  0.1457935593524464E+003  0.0000000000000000E+000  0.2251529435774714E-004
                        0                       81  0.1476228410915470E+003  0.0000000000000000E+000  0.2277565352377511E-004
                        0                       82  0.1494524965204753E+003  0.0000000000000000E+000  0.2306483964887469E-004
