                                                                                                                                                                                                                                                                
                        1                        2
                   M_star                   R_star
  0.2387040000000000E+034  0.2772579931001838E+012
                        1                        2                        3                        4                        5
                        l                     n_pg                 Re(freq)                 Im(freq)                   E_norm
                        0                        1  0.4248258964429893E+002  0.0000000000000000E+000  0.1205878214300380E-003
                        0                        2  0.6042206405613607E+002  0.0000000000000000E+000  0.2878588000020264E-004
                        0                        3  0.7908096565239013E+002  0.0000000000000000E+000  0.6771655128293996E-005
                        0                        4  0.9645018065705139E+002  0.0000000000000000E+000  0.2315594064677773E-005
                        0                        5  0.1142778606467986E+003  0.0000000000000000E+000  0.1289382350188663E-005
                        0                        6  0.1328911141829031E+003  0.0000000000000000E+000  0.7841787124196022E-006
