                                                                                                                                                                                                                                                                
                        1                        2
                   M_star                   R_star
  0.2387040000000000E+034  0.2210881255610767E+012
                        1                        2                        3                        4                        5
                        l                     n_pg                 Re(freq)                 Im(freq)                   E_norm
                        0                        1  0.6857421575673219E+002  0.0000000000000000E+000  0.1567261719885663E-004
                        0                        2  0.8893388367408507E+002  0.0000000000000000E+000  0.2156720045679650E-005
                        0                        3  0.1107552915188863E+003  0.0000000000000000E+000  0.5094939411083148E-006
                        0                        4  0.1327060755896094E+003  0.0000000000000000E+000  0.1710258642211989E-006
