                                                                                                                                                                                                                                                                
                        1                        2
                   M_star                   R_star
  0.3580560000000000E+034  0.2778914552972012E+012
                        1                        2                        3                        4                        5
                        l                     n_pg                 Re(freq)                 Im(freq)                   E_norm
                        0                        1  0.5995765585899616E+002  0.0000000000000000E+000  0.2207867234128486E-004
                        0                        2  0.7747674465297962E+002  0.0000000000000000E+000  0.2758317448455946E-005
                        0                        3  0.9612944852061470E+002  0.0000000000000000E+000  0.6226359358612660E-006
                        0                        4  0.1151345550283701E+003  0.0000000000000000E+000  0.1988178011569238E-006
                        0                        5  0.1338408172834729E+003  0.0000000000000000E+000  0.9439919877762637E-007
