                                                                                                                                                                                                                                                                
                        1                        2
                   M_star                   R_star
  0.2387040000000000E+034  0.2201201680574532E+013
                        1                        2                        3                        4                        5
                        l                     n_pg                 Re(freq)                 Im(freq)                   E_norm
                        0                       11  0.1021287761253079E+002  0.0000000000000000E+000  0.1100331132847250E-003
                        0                       12  0.1115193972397647E+002  0.0000000000000000E+000  0.1132657068932967E-003
                        0                       13  0.1209237099096091E+002  0.0000000000000000E+000  0.1161992800784957E-003
                        0                       14  0.1303587794909031E+002  0.0000000000000000E+000  0.1181918308865540E-003
                        0                       15  0.1397742316329118E+002  0.0000000000000000E+000  0.1208502572328871E-003
                        0                       16  0.1492382086163303E+002  0.0000000000000000E+000  0.1238214995443438E-003
                        0                       17  0.1586869434564535E+002  0.0000000000000000E+000  0.1262576733686625E-003
                        0                       18  0.1681657316408914E+002  0.0000000000000000E+000  0.1287163366163523E-003
                        0                       19  0.1776308143205828E+002  0.0000000000000000E+000  0.1306587770233899E-003
                        0                       20  0.1871154389799687E+002  0.0000000000000000E+000  0.1331781428616777E-003
                        0                       21  0.1966020836593550E+002  0.0000000000000000E+000  0.1348613492666149E-003
                        0                       22  0.2060938620245536E+002  0.0000000000000000E+000  0.1365516549666961E-003
                        0                       23  0.2155865726547578E+002  0.0000000000000000E+000  0.1378987392799884E-003
                        0                       24  0.2250854328876595E+002  0.0000000000000000E+000  0.1392659180368511E-003
                        0                       25  0.2345883504923466E+002  0.0000000000000000E+000  0.1401094930466291E-003
                        0                       26  0.2440907632088852E+002  0.0000000000000000E+000  0.1406539165600443E-003
                        0                       27  0.2535941446847493E+002  0.0000000000000000E+000  0.1411152806445797E-003
                        0                       28  0.2631021829588701E+002  0.0000000000000000E+000  0.1412973127550375E-003
                        0                       29  0.2726101400122682E+002  0.0000000000000000E+000  0.1411000153756562E-003
                        0                       30  0.2821172828294227E+002  0.0000000000000000E+000  0.1406824479848833E-003
                        0                       31  0.2916262055100713E+002  0.0000000000000000E+000  0.1401360260221393E-003
                        0                       32  0.3011362786789094E+002  0.0000000000000000E+000  0.1393194319289028E-003
                        0                       33  0.3106454963322367E+002  0.0000000000000000E+000  0.1380904797507451E-003
                        0                       34  0.3201528726592482E+002  0.0000000000000000E+000  0.1368107794159120E-003
                        0                       35  0.3296607728595629E+002  0.0000000000000000E+000  0.1353788374812288E-003
                        0                       36  0.3391695114463836E+002  0.0000000000000000E+000  0.1336285737916683E-003
                        0                       37  0.3486733680289370E+002  0.0000000000000000E+000  0.1317644794668874E-003
                        0                       38  0.3581787344962530E+002  0.0000000000000000E+000  0.1298589031422540E-003
                        0                       39  0.3676822464552701E+002  0.0000000000000000E+000  0.1277611745001996E-003
                        0                       40  0.3771850172606973E+002  0.0000000000000000E+000  0.1255614722120676E-003
                        0                       41  0.3866856400500625E+002  0.0000000000000000E+000  0.1231992211171730E-003
                        0                       42  0.3961831745819455E+002  0.0000000000000000E+000  0.1207839270707731E-003
                        0                       43  0.4056792119629225E+002  0.0000000000000000E+000  0.1183688002913026E-003
                        0                       44  0.4151729094175143E+002  0.0000000000000000E+000  0.1158843794854298E-003
                        0                       45  0.4246631420724021E+002  0.0000000000000000E+000  0.1134388764425681E-003
                        0                       46  0.4341522472068892E+002  0.0000000000000000E+000  0.1110457478582289E-003
                        0                       47  0.4436381302574969E+002  0.0000000000000000E+000  0.1086251068668329E-003
                        0                       48  0.4531208875436401E+002  0.0000000000000000E+000  0.1063074938417024E-003
                        0                       49  0.4626014709009358E+002  0.0000000000000000E+000  0.1041411243981552E-003
                        0                       50  0.4720811847176287E+002  0.0000000000000000E+000  0.1020360188248145E-003
                        0                       51  0.4815584491704055E+002  0.0000000000000000E+000  0.9993457759463536E-004
                        0                       52  0.4910326019361199E+002  0.0000000000000000E+000  0.9792215698893150E-004
                        0                       53  0.5005041173446816E+002  0.0000000000000000E+000  0.9603643038771448E-004
                        0                       54  0.5099729367088435E+002  0.0000000000000000E+000  0.9427294570658179E-004
                        0                       55  0.5194391851905311E+002  0.0000000000000000E+000  0.9265423815666280E-004
                        0                       56  0.5289034823099824E+002  0.0000000000000000E+000  0.9121150333486557E-004
                        0                       57  0.5383659493866178E+002  0.0000000000000000E+000  0.8994109134357864E-004
                        0                       58  0.5478275018291794E+002  0.0000000000000000E+000  0.8881772141868290E-004
                        0                       59  0.5572874837514966E+002  0.0000000000000000E+000  0.8784540806951771E-004
                        0                       60  0.5667466642525191E+002  0.0000000000000000E+000  0.8705448889809402E-004
                        0                       61  0.5762047984403829E+002  0.0000000000000000E+000  0.8640164377794282E-004
                        0                       62  0.5856628545522864E+002  0.0000000000000000E+000  0.8591427332289319E-004
                        0                       63  0.5951203573287618E+002  0.0000000000000000E+000  0.8562119662067771E-004
                        0                       64  0.6045779333589596E+002  0.0000000000000000E+000  0.8544896608238477E-004
                        0                       65  0.6140363355004112E+002  0.0000000000000000E+000  0.8545731165001796E-004
                        0                       66  0.6234954897515482E+002  0.0000000000000000E+000  0.8561946592036646E-004
                        0                       67  0.6329557233364994E+002  0.0000000000000000E+000  0.8589555007993800E-004
                        0                       68  0.6424171611608952E+002  0.0000000000000000E+000  0.8633929369780771E-004
                        0                       69  0.6518800428288040E+002  0.0000000000000000E+000  0.8687213280411318E-004
                        0                       70  0.6613444640507277E+002  0.0000000000000000E+000  0.8754943626157907E-004
                        0                       71  0.6708106069166269E+002  0.0000000000000000E+000  0.8833041258724374E-004
                        0                       72  0.6802786045677215E+002  0.0000000000000000E+000  0.8921221884399878E-004
                        0                       73  0.6897486716867512E+002  0.0000000000000000E+000  0.9017627302106759E-004
                        0                       74  0.6992208105414825E+002  0.0000000000000000E+000  0.9121856121208156E-004
                        0                       75  0.7086950789827347E+002  0.0000000000000000E+000  0.9232257362597265E-004
                        0                       76  0.7181714804511917E+002  0.0000000000000000E+000  0.9346965912195989E-004
                        0                       77  0.7276501575456670E+002  0.0000000000000000E+000  0.9465597494324761E-004
                        0                       78  0.7371305854986764E+002  0.0000000000000000E+000  0.9586952765322573E-004
                        0                       79  0.7466130287844292E+002  0.0000000000000000E+000  0.9711126061691725E-004
                        0                       80  0.7560972774443124E+002  0.0000000000000000E+000  0.9835294142046125E-004
                        0                       81  0.7655834401675735E+002  0.0000000000000000E+000  0.9959812830553731E-004
                        0                       82  0.7750714005089661E+002  0.0000000000000000E+000  0.1008281324496053E-003
                        0                       83  0.7845611219589809E+002  0.0000000000000000E+000  0.1020302133819256E-003
                        0                       84  0.7940525562820508E+002  0.0000000000000000E+000  0.1031925742373767E-003
                        0                       85  0.8035452325257471E+002  0.0000000000000000E+000  0.1042999557074231E-003
                        0                       86  0.8130394230020862E+002  0.0000000000000000E+000  0.1053568904533413E-003
                        0                       87  0.8225345929274846E+002  0.0000000000000000E+000  0.1063452642531080E-003
                        0                       88  0.8320311018016001E+002  0.0000000000000000E+000  0.1072610250269575E-003
                        0                       89  0.8415281678901684E+002  0.0000000000000000E+000  0.1080950919326430E-003
                        0                       90  0.8510263372302751E+002  0.0000000000000000E+000  0.1088895474043188E-003
                        0                       91  0.8605249484856222E+002  0.0000000000000000E+000  0.1096041865991372E-003
                        0                       92  0.8700244689577487E+002  0.0000000000000000E+000  0.1101956571110227E-003
                        0                       93  0.8795242784911684E+002  0.0000000000000000E+000  0.1106799939143415E-003
                        0                       94  0.8890244209305133E+002  0.0000000000000000E+000  0.1111071075683059E-003
                        0                       95  0.8985248995757676E+002  0.0000000000000000E+000  0.1114422644171172E-003
                        0                       96  0.9080252516403111E+002  0.0000000000000000E+000  0.1116665590884817E-003
                        0                       97  0.9175258514280621E+002  0.0000000000000000E+000  0.1118023950627369E-003
                        0                       98  0.9270258740796307E+002  0.0000000000000000E+000  0.1118626285748113E-003
                        0                       99  0.9365263606261996E+002  0.0000000000000000E+000  0.1118393873000512E-003
                        0                      100  0.9460259844955071E+002  0.0000000000000000E+000  0.1116883857545122E-003
                        0                      101  0.9555258156462799E+002  0.0000000000000000E+000  0.1114160999286507E-003
                        0                      102  0.9650246994491788E+002  0.0000000000000000E+000  0.1110987499203513E-003
                        0                      103  0.9745233177584211E+002  0.0000000000000000E+000  0.1107935350595079E-003
                        0                      104  0.9840210160066681E+002  0.0000000000000000E+000  0.1103704495468848E-003
                        0                      105  0.9935180827016241E+002  0.0000000000000000E+000  0.1098063051414480E-003
                        0                      106  0.1003014584896389E+003  0.0000000000000000E+000  0.1091934951929686E-003
                        0                      107  0.1012509826040348E+003  0.0000000000000000E+000  0.1085889740207670E-003
                        0                      108  0.1022004551013164E+003  0.0000000000000000E+000  0.1079457131214083E-003
                        0                      109  0.1031497827999442E+003  0.0000000000000000E+000  0.1072370102811486E-003
                        0                      110  0.1040990702102333E+003  0.0000000000000000E+000  0.1064750507663595E-003
                        0                      111  0.1050482046647746E+003  0.0000000000000000E+000  0.1056793909423801E-003
                        0                      112  0.1059972874469446E+003  0.0000000000000000E+000  0.1049187897277024E-003
                        0                      113  0.1069462204124648E+003  0.0000000000000000E+000  0.1041176468502116E-003
                        0                      114  0.1078950674778642E+003  0.0000000000000000E+000  0.1032967834586448E-003
                        0                      115  0.1088437917869416E+003  0.0000000000000000E+000  0.1024949361466204E-003
                        0                      116  0.1097924015971597E+003  0.0000000000000000E+000  0.1017277857861530E-003
                        0                      117  0.1107409229789749E+003  0.0000000000000000E+000  0.1009447710348267E-003
                        0                      118  0.1116893224653156E+003  0.0000000000000000E+000  0.1001993328022782E-003
                        0                      119  0.1126376783814421E+003  0.0000000000000000E+000  0.9948842858088064E-004
                        0                      120  0.1135858838376609E+003  0.0000000000000000E+000  0.9870980979918563E-004
                        0                      121  0.1145340425396198E+003  0.0000000000000000E+000  0.9805921748252249E-004
                        0                      122  0.1154820610315131E+003  0.0000000000000000E+000  0.9748354416185283E-004
                        0                      123  0.1164300086701452E+003  0.0000000000000000E+000  0.9693473025182477E-004
                        0                      124  0.1173778654307249E+003  0.0000000000000000E+000  0.9638395003433948E-004
                        0                      125  0.1183256686325158E+003  0.0000000000000000E+000  0.9588011543831652E-004
                        0                      126  0.1192734066082050E+003  0.0000000000000000E+000  0.9551684664243273E-004
                        0                      127  0.1202210855313181E+003  0.0000000000000000E+000  0.9504183951282861E-004
                        0                      128  0.1211687370898858E+003  0.0000000000000000E+000  0.9476057138406205E-004
                        0                      129  0.1221163733749755E+003  0.0000000000000000E+000  0.9465320626418218E-004
                        0                      130  0.1230639847318740E+003  0.0000000000000000E+000  0.9432626037184964E-004
                        0                      131  0.1240116162068411E+003  0.0000000000000000E+000  0.9419380483597319E-004
                        0                      132  0.1249592712429665E+003  0.0000000000000000E+000  0.9417304727648761E-004
                        0                      133  0.1259069097451066E+003  0.0000000000000000E+000  0.9415045564983195E-004
                        0                      134  0.1268546090243967E+003  0.0000000000000000E+000  0.9418661030227101E-004
                        0                      135  0.1278023000356789E+003  0.0000000000000000E+000  0.9430151928728315E-004
                        0                      136  0.1287500735900955E+003  0.0000000000000000E+000  0.9446194162537492E-004
                        0                      137  0.1296978262646679E+003  0.0000000000000000E+000  0.9462155729291708E-004
                        0                      138  0.1306456826466640E+003  0.0000000000000000E+000  0.9490387650182321E-004
                        0                      139  0.1315935444461357E+003  0.0000000000000000E+000  0.9517368018739978E-004
                        0                      140  0.1325414773649840E+003  0.0000000000000000E+000  0.9555248477330626E-004
                        0                      141  0.1334894807824911E+003  0.0000000000000000E+000  0.9591872026172241E-004
                        0                      142  0.1344375323492407E+003  0.0000000000000000E+000  0.9629272392056186E-004
                        0                      143  0.1353856917911199E+003  0.0000000000000000E+000  0.9669997595976586E-004
                        0                      144  0.1363338741510636E+003  0.0000000000000000E+000  0.9718744425991712E-004
                        0                      145  0.1372822078592966E+003  0.0000000000000000E+000  0.9765261473541483E-004
                        0                      146  0.1382305458033265E+003  0.0000000000000000E+000  0.9809371107549148E-004
                        0                      147  0.1391790451824403E+003  0.0000000000000000E+000  0.9863018025494535E-004
                        0                      148  0.1401275740906571E+003  0.0000000000000000E+000  0.9911844646220759E-004
                        0                      149  0.1410762262429594E+003  0.0000000000000000E+000  0.9962292698944933E-004
                        0                      150  0.1420249403288739E+003  0.0000000000000000E+000  0.1001070500227630E-003
                        0                      151  0.1429737282772217E+003  0.0000000000000000E+000  0.1006350155853872E-003
                        0                      152  0.1439226238560879E+003  0.0000000000000000E+000  0.1010961931985092E-003
                        0                      153  0.1448715452541338E+003  0.0000000000000000E+000  0.1015868092172121E-003
                        0                      154  0.1458206080544736E+003  0.0000000000000000E+000  0.1020213016278507E-003
                        0                      155  0.1467696509416228E+003  0.0000000000000000E+000  0.1024663837737535E-003
                        0                      156  0.1477188360678608E+003  0.0000000000000000E+000  0.1029165290878097E-003
                        0                      157  0.1486680072609632E+003  0.0000000000000000E+000  0.1032909401443690E-003
                        0                      158  0.1496172765023619E+003  0.0000000000000000E+000  0.1036248826186114E-003
