                                                                                                                                                                                                                                                                
                        1                        2
                   M_star                   R_star
  0.3580560000000000E+034  0.3498670805471662E+012
                        1                        2                        3                        4                        5
                        l                     n_pg                 Re(freq)                 Im(freq)                   E_norm
                        0                        1  0.2368338519969026E+002  0.0000000000000000E+000  0.6587726331088312E-001
                        0                        2  0.4510579180275812E+002  0.0000000000000000E+000  0.4336110213729779E-002
                        0                        3  0.6432226759528164E+002  0.0000000000000000E+000  0.6757309209738429E-003
                        0                        4  0.8245948398964623E+002  0.0000000000000000E+000  0.1532944073439229E-003
                        0                        5  0.1001225996766266E+003  0.0000000000000000E+000  0.4132030114200536E-004
                        0                        6  0.1170761171440966E+003  0.0000000000000000E+000  0.1171631328024736E-004
                        0                        7  0.1328626923862845E+003  0.0000000000000000E+000  0.4315334817719452E-005
                        0                        8  0.1485205186664064E+003  0.0000000000000000E+000  0.2312145057698608E-005
