                                                                                                                                                                                                                                                                
                        1                        2
                   M_star                   R_star
  0.2387040000000000E+034  0.2776304584842216E+012
                        1                        2                        3                        4                        5
                        l                     n_pg                 Re(freq)                 Im(freq)                   E_norm
                        0                        1  0.4017841326124353E+002  0.0000000000000000E+000  0.3936836643004308E-003
                        0                        2  0.6015162742491353E+002  0.0000000000000000E+000  0.7844580356054411E-004
                        0                        3  0.7925421288797114E+002  0.0000000000000000E+000  0.1642451071061921E-004
                        0                        4  0.9761296123040231E+002  0.0000000000000000E+000  0.5662098293476697E-005
                        0                        5  0.1164391760348342E+003  0.0000000000000000E+000  0.2298950307762484E-005
                        0                        6  0.1351639481576165E+003  0.0000000000000000E+000  0.1004368392018099E-005
