                                                                                                                                                                                                                                                                
                        1                        2
                   M_star                   R_star
  0.3182720000000000E+034  0.2782362968261086E+012
                        1                        2                        3                        4                        5
                        l                     n_pg                 Re(freq)                 Im(freq)                   E_norm
                        0                        1  0.5732620501344623E+002  0.0000000000000000E+000  0.1526829037101404E-004
                        0                        2  0.7320394000662836E+002  0.0000000000000000E+000  0.1827517061709521E-005
                        0                        3  0.9058732517568612E+002  0.0000000000000000E+000  0.3950933746867441E-006
                        0                        4  0.1082542108846315E+003  0.0000000000000000E+000  0.1116426343672111E-006
                        0                        5  0.1254152753042747E+003  0.0000000000000000E+000  0.4708005459119336E-007
                        0                        6  0.1431143948145565E+003  0.0000000000000000E+000  0.2983493463389979E-007
