                                                                                                                                                                                                                                                                
                        1                        2
                   M_star                   R_star
  0.2784880000000000E+034  0.2773781318391212E+012
                        1                        2                        3                        4                        5
                        l                     n_pg                 Re(freq)                 Im(freq)                   E_norm
                        0                        1  0.2976113353095040E+002  0.0000000000000000E+000  0.6344597427665176E-001
                        0                        2  0.5652382754735214E+002  0.0000000000000000E+000  0.4100222367851692E-002
                        0                        3  0.8053083886696797E+002  0.0000000000000000E+000  0.6257359368951874E-003
                        0                        4  0.1032413533256885E+003  0.0000000000000000E+000  0.1394611180653084E-003
                        0                        5  0.1254046384807399E+003  0.0000000000000000E+000  0.3647075459589655E-004
                        0                        6  0.1465906162044411E+003  0.0000000000000000E+000  0.1011171598921977E-004
