                                                                                                                                                                                                                                                                
                        1                        2
                   M_star                   R_star
  0.1989200000000000E+034  0.1388786471936402E+013
                        1                        2                        3                        4                        5
                        l                     n_pg                 Re(freq)                 Im(freq)                   E_norm
                        0                        6  0.1011104059128613E+002  0.0000000000000000E+000  0.3768630248221109E-004
                        0                        7  0.1165844099276625E+002  0.0000000000000000E+000  0.3402457349664627E-004
                        0                        8  0.1329194258848420E+002  0.0000000000000000E+000  0.3428367694447493E-004
                        0                        9  0.1491661947465037E+002  0.0000000000000000E+000  0.3328581346795055E-004
                        0                       10  0.1656075194515802E+002  0.0000000000000000E+000  0.3372998119215252E-004
                        0                       11  0.1820813368329102E+002  0.0000000000000000E+000  0.3411586130775496E-004
                        0                       12  0.1986897462564457E+002  0.0000000000000000E+000  0.3469994276665635E-004
                        0                       13  0.2152913923218500E+002  0.0000000000000000E+000  0.3535223371581150E-004
                        0                       14  0.2319692299907508E+002  0.0000000000000000E+000  0.3596713746696043E-004
                        0                       15  0.2486594437242654E+002  0.0000000000000000E+000  0.3678787865994274E-004
                        0                       16  0.2654008879121033E+002  0.0000000000000000E+000  0.3735909169604293E-004
                        0                       17  0.2821371188729275E+002  0.0000000000000000E+000  0.3805483204658967E-004
                        0                       18  0.2989208477383683E+002  0.0000000000000000E+000  0.3863735866385551E-004
                        0                       19  0.3156969465893870E+002  0.0000000000000000E+000  0.3915449789032844E-004
                        0                       20  0.3325047581720535E+002  0.0000000000000000E+000  0.3963093687584120E-004
                        0                       21  0.3493122889917527E+002  0.0000000000000000E+000  0.3998629175473974E-004
                        0                       22  0.3661358839643282E+002  0.0000000000000000E+000  0.4028650242342342E-004
                        0                       23  0.3829635471986199E+002  0.0000000000000000E+000  0.4048634156628963E-004
                        0                       24  0.3998014562200391E+002  0.0000000000000000E+000  0.4059724806847232E-004
                        0                       25  0.4166408799341017E+002  0.0000000000000000E+000  0.4059886603301156E-004
                        0                       26  0.4334858567892568E+002  0.0000000000000000E+000  0.4052962413181017E-004
                        0                       27  0.4503342014309603E+002  0.0000000000000000E+000  0.4037572235563185E-004
                        0                       28  0.4671847046025020E+002  0.0000000000000000E+000  0.4011414364875735E-004
                        0                       29  0.4840359765309250E+002  0.0000000000000000E+000  0.3979546807658956E-004
                        0                       30  0.5008881945985407E+002  0.0000000000000000E+000  0.3939434114818603E-004
                        0                       31  0.5177419174385454E+002  0.0000000000000000E+000  0.3891010923160108E-004
                        0                       32  0.5345930310226002E+002  0.0000000000000000E+000  0.3835936310615569E-004
                        0                       33  0.5514426525685955E+002  0.0000000000000000E+000  0.3775893263110907E-004
                        0                       34  0.5682932437787693E+002  0.0000000000000000E+000  0.3709262028380151E-004
                        0                       35  0.5851373850898025E+002  0.0000000000000000E+000  0.3638271066008003E-004
                        0                       36  0.6019802255451948E+002  0.0000000000000000E+000  0.3564138831943401E-004
                        0                       37  0.6188195282959429E+002  0.0000000000000000E+000  0.3487762532729194E-004
                        0                       38  0.6356542202934975E+002  0.0000000000000000E+000  0.3407399930428506E-004
                        0                       39  0.6524849630979809E+002  0.0000000000000000E+000  0.3329407580012633E-004
                        0                       40  0.6693112621393981E+002  0.0000000000000000E+000  0.3247172866965246E-004
                        0                       41  0.6861316189994740E+002  0.0000000000000000E+000  0.3168434194932070E-004
                        0                       42  0.7029486683433461E+002  0.0000000000000000E+000  0.3089253465861292E-004
                        0                       43  0.7197582067579305E+002  0.0000000000000000E+000  0.3011501436027653E-004
                        0                       44  0.7365638511840767E+002  0.0000000000000000E+000  0.2936814632446686E-004
                        0                       45  0.7533636430578399E+002  0.0000000000000000E+000  0.2863888372345820E-004
                        0                       46  0.7701555518346206E+002  0.0000000000000000E+000  0.2793471136696786E-004
                        0                       47  0.7869426570026317E+002  0.0000000000000000E+000  0.2730658276736522E-004
                        0                       48  0.8037257087665232E+002  0.0000000000000000E+000  0.2670257003970944E-004
                        0                       49  0.8205026780012990E+002  0.0000000000000000E+000  0.2614967374250396E-004
                        0                       50  0.8372740120156139E+002  0.0000000000000000E+000  0.2566319150344917E-004
                        0                       51  0.8540426513217230E+002  0.0000000000000000E+000  0.2524856412112255E-004
                        0                       52  0.8708103751807106E+002  0.0000000000000000E+000  0.2487848463627186E-004
                        0                       53  0.8875756768547159E+002  0.0000000000000000E+000  0.2455241459404468E-004
                        0                       54  0.9043357286631804E+002  0.0000000000000000E+000  0.2427829838248553E-004
                        0                       55  0.9210929162514246E+002  0.0000000000000000E+000  0.2408002625432870E-004
                        0                       56  0.9378522285797530E+002  0.0000000000000000E+000  0.2394893875703627E-004
                        0                       57  0.9546129196831870E+002  0.0000000000000000E+000  0.2387849541699213E-004
                        0                       58  0.9713744881677572E+002  0.0000000000000000E+000  0.2383731780155460E-004
                        0                       59  0.9881362011350903E+002  0.0000000000000000E+000  0.2385950766546649E-004
                        0                       60  0.1004899286519325E+003  0.0000000000000000E+000  0.2393513976126857E-004
                        0                       61  0.1021664671787682E+003  0.0000000000000000E+000  0.2406011108934204E-004
                        0                       62  0.1038433700300398E+003  0.0000000000000000E+000  0.2425016742080265E-004
                        0                       63  0.1055207139145104E+003  0.0000000000000000E+000  0.2448407566673469E-004
                        0                       64  0.1071986963015960E+003  0.0000000000000000E+000  0.2475248801970796E-004
                        0                       65  0.1088771588151805E+003  0.0000000000000000E+000  0.2506494016340387E-004
                        0                       66  0.1105561612701768E+003  0.0000000000000000E+000  0.2539651349746090E-004
                        0                       67  0.1122356956404846E+003  0.0000000000000000E+000  0.2574740375329597E-004
                        0                       68  0.1139156835389987E+003  0.0000000000000000E+000  0.2611429440346688E-004
                        0                       69  0.1155961534767079E+003  0.0000000000000000E+000  0.2650021335722266E-004
                        0                       70  0.1172770941662755E+003  0.0000000000000000E+000  0.2689082392227982E-004
                        0                       71  0.1189584968638360E+003  0.0000000000000000E+000  0.2729590049388292E-004
                        0                       72  0.1206403509506570E+003  0.0000000000000000E+000  0.2772093610023077E-004
                        0                       73  0.1223226758999080E+003  0.0000000000000000E+000  0.2811960039097392E-004
                        0                       74  0.1240054235231518E+003  0.0000000000000000E+000  0.2852552189139656E-004
                        0                       75  0.1256886222457202E+003  0.0000000000000000E+000  0.2890910720146802E-004
                        0                       76  0.1273721963599685E+003  0.0000000000000000E+000  0.2925821054002224E-004
                        0                       77  0.1290560913364509E+003  0.0000000000000000E+000  0.2960416355359911E-004
                        0                       78  0.1307403146747281E+003  0.0000000000000000E+000  0.2993137713278310E-004
                        0                       79  0.1324247695851490E+003  0.0000000000000000E+000  0.3023136356037242E-004
                        0                       80  0.1341095305697687E+003  0.0000000000000000E+000  0.3052275838186165E-004
                        0                       81  0.1357944050871410E+003  0.0000000000000000E+000  0.3076651930195231E-004
                        0                       82  0.1374795227233219E+003  0.0000000000000000E+000  0.3098328224638882E-004
                        0                       83  0.1391647234529493E+003  0.0000000000000000E+000  0.3114497706059052E-004
                        0                       84  0.1408501239046426E+003  0.0000000000000000E+000  0.3130620273461323E-004
                        0                       85  0.1425355774679320E+003  0.0000000000000000E+000  0.3139742896239688E-004
                        0                       86  0.1442211080410525E+003  0.0000000000000000E+000  0.3148735480671843E-004
                        0                       87  0.1459066538285739E+003  0.0000000000000000E+000  0.3153861018590914E-004
                        0                       88  0.1475921755444012E+003  0.0000000000000000E+000  0.3153920709855300E-004
                        0                       89  0.1492776804113828E+003  0.0000000000000000E+000  0.3151504788184898E-004
