                                                                                                                                                                                                                                                                
                        1                        2
                   M_star                   R_star
  0.3580560000000000E+034  0.3500029944026844E+012
                        1                        2                        3                        4                        5
                        l                     n_pg                 Re(freq)                 Im(freq)                   E_norm
                        0                        1  0.4197029306708311E+002  0.0000000000000000E+000  0.1828090407254917E-004
                        0                        2  0.5449554835682979E+002  0.0000000000000000E+000  0.2565597771324458E-005
                        0                        3  0.6786853148102217E+002  0.0000000000000000E+000  0.5531871226623905E-006
                        0                        4  0.8116055961318929E+002  0.0000000000000000E+000  0.1702194642821282E-006
                        0                        5  0.9433990083346676E+002  0.0000000000000000E+000  0.8805276095576273E-007
                        0                        6  0.1083221465322601E+003  0.0000000000000000E+000  0.6301412687396066E-007
                        0                        7  0.1229352036934097E+003  0.0000000000000000E+000  0.4819958674690619E-007
                        0                        8  0.1378985142067848E+003  0.0000000000000000E+000  0.3642254980501057E-007
