                                                                                                                                                                                                                                                                
                        1                        2
                   M_star                   R_star
  0.3580560000000000E+034  0.2777705282575966E+012
                        1                        2                        3                        4                        5
                        l                     n_pg                 Re(freq)                 Im(freq)                   E_norm
                        0                        1  0.6028683820994561E+002  0.0000000000000000E+000  0.1792410643972104E-004
                        0                        2  0.7746220262510695E+002  0.0000000000000000E+000  0.2227694387089979E-005
                        0                        3  0.9641089031902092E+002  0.0000000000000000E+000  0.4618460782323230E-006
                        0                        4  0.1156580450746172E+003  0.0000000000000000E+000  0.1251291229362922E-006
                        0                        5  0.1343180407010026E+003  0.0000000000000000E+000  0.4740197440250834E-007
