                                                                                                                                                                                                                                                                
                        1                        2
                   M_star                   R_star
  0.1989200000000000E+034  0.1408119313855960E+013
                        1                        2                        3                        4                        5
                        l                     n_pg                 Re(freq)                 Im(freq)                   E_norm
                        0                        7  0.1124691300971658E+002  0.0000000000000000E+000  0.2317948140894005E-004
                        0                        8  0.1281773711952340E+002  0.0000000000000000E+000  0.2322820543689743E-004
                        0                        9  0.1437446060253010E+002  0.0000000000000000E+000  0.2260146915276110E-004
                        0                       10  0.1595630267885178E+002  0.0000000000000000E+000  0.2287737666095386E-004
                        0                       11  0.1754028258714883E+002  0.0000000000000000E+000  0.2312856108220998E-004
                        0                       12  0.1913931582524054E+002  0.0000000000000000E+000  0.2329129141447390E-004
                        0                       13  0.2073729993662128E+002  0.0000000000000000E+000  0.2351774008937490E-004
                        0                       14  0.2234289563013102E+002  0.0000000000000000E+000  0.2358247091665599E-004
                        0                       15  0.2395088655817392E+002  0.0000000000000000E+000  0.2371033678593718E-004
                        0                       16  0.2556212982700024E+002  0.0000000000000000E+000  0.2350854163309339E-004
                        0                       17  0.2717370231485366E+002  0.0000000000000000E+000  0.2339381156242875E-004
                        0                       18  0.2878896867154854E+002  0.0000000000000000E+000  0.2301858115849594E-004
                        0                       19  0.3040274892764528E+002  0.0000000000000000E+000  0.2260177823625959E-004
                        0                       20  0.3201906543834870E+002  0.0000000000000000E+000  0.2203340830715213E-004
                        0                       21  0.3363395020099394E+002  0.0000000000000000E+000  0.2139253690174627E-004
                        0                       22  0.3524984947422072E+002  0.0000000000000000E+000  0.2066737671514995E-004
                        0                       23  0.3686455996591983E+002  0.0000000000000000E+000  0.1987629672299373E-004
                        0                       24  0.3847911006404809E+002  0.0000000000000000E+000  0.1903917789925992E-004
                        0                       25  0.4009221575962742E+002  0.0000000000000000E+000  0.1817764070354592E-004
                        0                       26  0.4170458675006701E+002  0.0000000000000000E+000  0.1731489123849336E-004
                        0                       27  0.4331539497499124E+002  0.0000000000000000E+000  0.1645504121465670E-004
                        0                       28  0.4492459636376582E+002  0.0000000000000000E+000  0.1563039904744820E-004
                        0                       29  0.4653227426693673E+002  0.0000000000000000E+000  0.1485459254247304E-004
                        0                       30  0.4813812338865189E+002  0.0000000000000000E+000  0.1414067786720201E-004
                        0                       31  0.4974227222217381E+002  0.0000000000000000E+000  0.1349849874849007E-004
                        0                       32  0.5134484681019898E+002  0.0000000000000000E+000  0.1295590487734476E-004
                        0                       33  0.5294606643418056E+002  0.0000000000000000E+000  0.1250279495646835E-004
                        0                       34  0.5454624167806094E+002  0.0000000000000000E+000  0.1214845926504007E-004
                        0                       35  0.5614567824140534E+002  0.0000000000000000E+000  0.1190445055959539E-004
                        0                       36  0.5774484014058832E+002  0.0000000000000000E+000  0.1175532304375297E-004
                        0                       37  0.5934413738183517E+002  0.0000000000000000E+000  0.1170689195054183E-004
                        0                       38  0.6094388635689369E+002  0.0000000000000000E+000  0.1175938024358678E-004
                        0                       39  0.6254483467900735E+002  0.0000000000000000E+000  0.1189706336375856E-004
                        0                       40  0.6414685866486541E+002  0.0000000000000000E+000  0.1211809330032073E-004
                        0                       41  0.6575071020244670E+002  0.0000000000000000E+000  0.1240634468265235E-004
                        0                       42  0.6735603487180077E+002  0.0000000000000000E+000  0.1275496587910915E-004
                        0                       43  0.6896348677608198E+002  0.0000000000000000E+000  0.1314306520167894E-004
                        0                       44  0.7057243003363162E+002  0.0000000000000000E+000  0.1355852786203403E-004
                        0                       45  0.7218315468198482E+002  0.0000000000000000E+000  0.1399409778304919E-004
                        0                       46  0.7379553684686444E+002  0.0000000000000000E+000  0.1442222148797976E-004
                        0                       47  0.7540915366962260E+002  0.0000000000000000E+000  0.1484746769372629E-004
                        0                       48  0.7702413989915119E+002  0.0000000000000000E+000  0.1525777733996959E-004
                        0                       49  0.7864048786815603E+002  0.0000000000000000E+000  0.1562430645066824E-004
                        0                       50  0.8025760185289585E+002  0.0000000000000000E+000  0.1594880733406887E-004
                        0                       51  0.8187554236665352E+002  0.0000000000000000E+000  0.1622412443589248E-004
                        0                       52  0.8349427332164228E+002  0.0000000000000000E+000  0.1643429828445950E-004
                        0                       53  0.8511348083432064E+002  0.0000000000000000E+000  0.1657325322765206E-004
                        0                       54  0.8673271795282831E+002  0.0000000000000000E+000  0.1663549808193087E-004
                        0                       55  0.8835173281134358E+002  0.0000000000000000E+000  0.1663850933234301E-004
                        0                       56  0.8997084546958850E+002  0.0000000000000000E+000  0.1659748116001852E-004
                        0                       57  0.9159003844580778E+002  0.0000000000000000E+000  0.1648337938572174E-004
                        0                       58  0.9320871192177239E+002  0.0000000000000000E+000  0.1630035039562564E-004
                        0                       59  0.9482669958168293E+002  0.0000000000000000E+000  0.1607557788189267E-004
                        0                       60  0.9644406517863665E+002  0.0000000000000000E+000  0.1581541319952751E-004
                        0                       61  0.9806092149851322E+002  0.0000000000000000E+000  0.1552680174409745E-004
                        0                       62  0.9967714690300686E+002  0.0000000000000000E+000  0.1521792448040607E-004
                        0                       63  0.1012925955478579E+003  0.0000000000000000E+000  0.1488158506560071E-004
                        0                       64  0.1029070609588028E+003  0.0000000000000000E+000  0.1453230840167127E-004
                        0                       65  0.1045204639723042E+003  0.0000000000000000E+000  0.1418380583156283E-004
                        0                       66  0.1061327127106879E+003  0.0000000000000000E+000  0.1385200242155956E-004
                        0                       67  0.1077439009282342E+003  0.0000000000000000E+000  0.1354075105687464E-004
                        0                       68  0.1093541475718120E+003  0.0000000000000000E+000  0.1327441588249969E-004
                        0                       69  0.1109636812119169E+003  0.0000000000000000E+000  0.1304331982341660E-004
                        0                       70  0.1125725977360895E+003  0.0000000000000000E+000  0.1285509523479673E-004
                        0                       71  0.1141810688535361E+003  0.0000000000000000E+000  0.1271256912476394E-004
                        0                       72  0.1157892124470640E+003  0.0000000000000000E+000  0.1261331229590778E-004
                        0                       73  0.1173972556684260E+003  0.0000000000000000E+000  0.1255730946913635E-004
                        0                       74  0.1190052846245967E+003  0.0000000000000000E+000  0.1255692539333654E-004
                        0                       75  0.1206135052136929E+003  0.0000000000000000E+000  0.1259500853915685E-004
                        0                       76  0.1222221588065450E+003  0.0000000000000000E+000  0.1268618450936708E-004
                        0                       77  0.1238313514573751E+003  0.0000000000000000E+000  0.1281582628586617E-004
                        0                       78  0.1254412159824644E+003  0.0000000000000000E+000  0.1298279434598756E-004
                        0                       79  0.1270519089084061E+003  0.0000000000000000E+000  0.1317355918927694E-004
                        0                       80  0.1286633681457560E+003  0.0000000000000000E+000  0.1339365365436650E-004
                        0                       81  0.1302757541436541E+003  0.0000000000000000E+000  0.1362213617630268E-004
                        0                       82  0.1318889197875870E+003  0.0000000000000000E+000  0.1386067464801955E-004
                        0                       83  0.1335029928153285E+003  0.0000000000000000E+000  0.1410428550546617E-004
                        0                       84  0.1351177890811128E+003  0.0000000000000000E+000  0.1434211626986143E-004
                        0                       85  0.1367333837951142E+003  0.0000000000000000E+000  0.1456183040335650E-004
                        0                       86  0.1383495689439781E+003  0.0000000000000000E+000  0.1477705670820327E-004
                        0                       87  0.1399663548684838E+003  0.0000000000000000E+000  0.1495066993297303E-004
                        0                       88  0.1415835771505737E+003  0.0000000000000000E+000  0.1510342421397689E-004
                        0                       89  0.1432011947603624E+003  0.0000000000000000E+000  0.1522563909354956E-004
                        0                       90  0.1448190529242717E+003  0.0000000000000000E+000  0.1530870449652964E-004
                        0                       91  0.1464370796409165E+003  0.0000000000000000E+000  0.1535693053398766E-004
                        0                       92  0.1480551310242701E+003  0.0000000000000000E+000  0.1537503177013156E-004
                        0                       93  0.1496731965515440E+003  0.0000000000000000E+000  0.1535379868920932E-004
