                                                                                                                                                                                                                                                                
                        1                        2
                   M_star                   R_star
  0.1989200000000000E+034  0.2203939237670180E+012
                        1                        2                        3                        4                        5
                        l                     n_pg                 Re(freq)                 Im(freq)                   E_norm
                        0                        1  0.3894181729204343E+002  0.0000000000000000E+000  0.3150454270210917E-001
                        0                        2  0.7010537502200913E+002  0.0000000000000000E+000  0.2150561786020968E-002
                        0                        3  0.9830348531527018E+002  0.0000000000000000E+000  0.3246045302984949E-003
                        0                        4  0.1249227439237096E+003  0.0000000000000000E+000  0.7641728844301162E-004
