                                                                                                                                                                                                                                                                
                        1                        2
                   M_star                   R_star
  0.3182720000000000E+034  0.3497143549264297E+012
                        1                        2                        3                        4                        5
                        l                     n_pg                 Re(freq)                 Im(freq)                   E_norm
                        0                        1  0.2326720787680800E+002  0.0000000000000000E+000  0.5026108457632314E-001
                        0                        2  0.4322674704515920E+002  0.0000000000000000E+000  0.3369753694515291E-002
                        0                        3  0.6121255376933831E+002  0.0000000000000000E+000  0.5174321789194111E-003
                        0                        4  0.7819823708748685E+002  0.0000000000000000E+000  0.1157290744573162E-003
                        0                        5  0.9469872570391266E+002  0.0000000000000000E+000  0.2962014737735633E-004
                        0                        6  0.1102040196315285E+003  0.0000000000000000E+000  0.8485097753989623E-005
                        0                        7  0.1248056298679040E+003  0.0000000000000000E+000  0.3645789781079375E-005
                        0                        8  0.1398185211588783E+003  0.0000000000000000E+000  0.2089939760859160E-005
