                                                                                                                                                                                                                                                                
                        1                        2
                   M_star                   R_star
  0.3580560000000000E+034  0.3489768590942384E+012
                        1                        2                        3                        4                        5
                        l                     n_pg                 Re(freq)                 Im(freq)                   E_norm
                        0                        1  0.2452302334875930E+002  0.0000000000000000E+000  0.5396102732102623E-001
                        0                        2  0.4577192996025093E+002  0.0000000000000000E+000  0.3748943114088728E-002
                        0                        3  0.6496441626563205E+002  0.0000000000000000E+000  0.5985521813441971E-003
                        0                        4  0.8305978669801172E+002  0.0000000000000000E+000  0.1385914710231486E-003
                        0                        5  0.1006902459627327E+003  0.0000000000000000E+000  0.3798764649041924E-004
                        0                        6  0.1176690182639464E+003  0.0000000000000000E+000  0.1088422793777044E-004
                        0                        7  0.1335292223853874E+003  0.0000000000000000E+000  0.4036524796627370E-005
                        0                        8  0.1492966361432650E+003  0.0000000000000000E+000  0.2192135189786672E-005
