                                                                                                                                                                                                                                                                
                        1                        2
                   M_star                   R_star
  0.3580560000000000E+034  0.2781790431298450E+012
                        1                        2                        3                        4                        5
                        l                     n_pg                 Re(freq)                 Im(freq)                   E_norm
                        0                        1  0.5921253546442020E+002  0.0000000000000000E+000  0.2404407842507584E-004
                        0                        2  0.7692321451900872E+002  0.0000000000000000E+000  0.3196103811091478E-005
                        0                        3  0.9579034014526970E+002  0.0000000000000000E+000  0.7368678662076724E-006
                        0                        4  0.1149419193173928E+003  0.0000000000000000E+000  0.2400681565242830E-006
                        0                        5  0.1337909255911118E+003  0.0000000000000000E+000  0.1183244994964569E-006
