                                                                                                                                                                                                                                                                
                        1                        2
                   M_star                   R_star
  0.1591360000000000E+034  0.2201290744680421E+012
                        1                        2                        3                        4                        5
                        l                     n_pg                 Re(freq)                 Im(freq)                   E_norm
                        0                        1  0.3361021147857502E+002  0.0000000000000000E+000  0.4153541939246536E-001
                        0                        2  0.6173684909253466E+002  0.0000000000000000E+000  0.2459076290553222E-002
                        0                        3  0.8691399352059209E+002  0.0000000000000000E+000  0.3405213933416877E-003
                        0                        4  0.1110377350875513E+003  0.0000000000000000E+000  0.6722512451449304E-004
                        0                        5  0.1341152281114774E+003  0.0000000000000000E+000  0.1460590020700333E-004
