                                                                                                                                                                                                                                                                
                        1                        2
                   M_star                   R_star
  0.3580560000000000E+034  0.2788026059094740E+012
                        1                        2                        3                        4                        5
                        l                     n_pg                 Re(freq)                 Im(freq)                   E_norm
                        0                        1  0.5985548168222661E+002  0.0000000000000000E+000  0.1969345905025884E-004
                        0                        2  0.7714563203591548E+002  0.0000000000000000E+000  0.2455202147707726E-005
                        0                        3  0.9586661736223034E+002  0.0000000000000000E+000  0.5248917947309040E-006
                        0                        4  0.1148842156247697E+003  0.0000000000000000E+000  0.1524062070831756E-006
                        0                        5  0.1334222662871286E+003  0.0000000000000000E+000  0.6437919167324918E-007
