                                                                                                                                                                                                                                                                
                        1                        2
                   M_star                   R_star
  0.3580560000000000E+034  0.2201019369951974E+013
                        1                        2                        3                        4                        5
                        l                     n_pg                 Re(freq)                 Im(freq)                   E_norm
                        0                       10  0.1100968966938001E+002  0.0000000000000000E+000  0.4180356310370745E-004
                        0                       11  0.1210409447633039E+002  0.0000000000000000E+000  0.4258671096055096E-004
                        0                       12  0.1320380377853379E+002  0.0000000000000000E+000  0.4343037864727596E-004
                        0                       13  0.1430757167837641E+002  0.0000000000000000E+000  0.4372759453159335E-004
                        0                       14  0.1541168527950841E+002  0.0000000000000000E+000  0.4458657093163858E-004
                        0                       15  0.1652115971591290E+002  0.0000000000000000E+000  0.4492796606193308E-004
                        0                       16  0.1762939823929954E+002  0.0000000000000000E+000  0.4549653905863548E-004
                        0                       17  0.1874252567630673E+002  0.0000000000000000E+000  0.4567208396130510E-004
                        0                       18  0.1985353368261090E+002  0.0000000000000000E+000  0.4566788410815148E-004
                        0                       19  0.2096777488127208E+002  0.0000000000000000E+000  0.4569524816212049E-004
                        0                       20  0.2208163305799227E+002  0.0000000000000000E+000  0.4526567440129137E-004
                        0                       21  0.2319614884915165E+002  0.0000000000000000E+000  0.4487743535884590E-004
                        0                       22  0.2431135344425894E+002  0.0000000000000000E+000  0.4417784669562479E-004
                        0                       23  0.2542628558140454E+002  0.0000000000000000E+000  0.4338167239653978E-004
                        0                       24  0.2654167666401958E+002  0.0000000000000000E+000  0.4242495153440394E-004
                        0                       25  0.2765685148479526E+002  0.0000000000000000E+000  0.4131303611127934E-004
                        0                       26  0.2877181331789590E+002  0.0000000000000000E+000  0.4009159836293906E-004
                        0                       27  0.2988641141915707E+002  0.0000000000000000E+000  0.3878650967714756E-004
                        0                       28  0.3100075344082243E+002  0.0000000000000000E+000  0.3742063331521401E-004
                        0                       29  0.3211444212646860E+002  0.0000000000000000E+000  0.3598131938313130E-004
                        0                       30  0.3322751168524546E+002  0.0000000000000000E+000  0.3454575876875240E-004
                        0                       31  0.3433986307431727E+002  0.0000000000000000E+000  0.3311377423311522E-004
                        0                       32  0.3545156446011821E+002  0.0000000000000000E+000  0.3171487355545248E-004
                        0                       33  0.3656235236335288E+002  0.0000000000000000E+000  0.3035724783842451E-004
                        0                       34  0.3767234279313962E+002  0.0000000000000000E+000  0.2907471137851674E-004
                        0                       35  0.3878138455289747E+002  0.0000000000000000E+000  0.2788416398662968E-004
                        0                       36  0.3988960714890131E+002  0.0000000000000000E+000  0.2678680415281530E-004
                        0                       37  0.4099686886828534E+002  0.0000000000000000E+000  0.2582535338224486E-004
                        0                       38  0.4210342959223352E+002  0.0000000000000000E+000  0.2499204418291951E-004
                        0                       39  0.4320941104412557E+002  0.0000000000000000E+000  0.2430764502583808E-004
                        0                       40  0.4431476266877250E+002  0.0000000000000000E+000  0.2375774992892828E-004
                        0                       41  0.4541984851105368E+002  0.0000000000000000E+000  0.2337519909423522E-004
                        0                       42  0.4652482579591006E+002  0.0000000000000000E+000  0.2312247543675460E-004
                        0                       43  0.4762965335768120E+002  0.0000000000000000E+000  0.2302141120489345E-004
                        0                       44  0.4873484311041839E+002  0.0000000000000000E+000  0.2306654949021206E-004
                        0                       45  0.4984037786469019E+002  0.0000000000000000E+000  0.2323643253816172E-004
                        0                       46  0.5094641043742551E+002  0.0000000000000000E+000  0.2354309213077851E-004
                        0                       47  0.5205326521669603E+002  0.0000000000000000E+000  0.2396395467242038E-004
                        0                       48  0.5316092769709484E+002  0.0000000000000000E+000  0.2447882884462813E-004
                        0                       49  0.5426936071649576E+002  0.0000000000000000E+000  0.2508283216529638E-004
                        0                       50  0.5537884806161591E+002  0.0000000000000000E+000  0.2575493013300466E-004
                        0                       51  0.5648921132205238E+002  0.0000000000000000E+000  0.2646888861716370E-004
                        0                       52  0.5760035846131937E+002  0.0000000000000000E+000  0.2721132458888189E-004
                        0                       53  0.5871226894478118E+002  0.0000000000000000E+000  0.2797860853381132E-004
                        0                       54  0.5982496679805735E+002  0.0000000000000000E+000  0.2876549280741134E-004
                        0                       55  0.6093860723250577E+002  0.0000000000000000E+000  0.2954490226192129E-004
                        0                       56  0.6205296554254953E+002  0.0000000000000000E+000  0.3026974699866390E-004
                        0                       57  0.6316782414479103E+002  0.0000000000000000E+000  0.3093456341274931E-004
                        0                       58  0.6428310127553263E+002  0.0000000000000000E+000  0.3155821282518342E-004
                        0                       59  0.6539899514035463E+002  0.0000000000000000E+000  0.3211804630561705E-004
                        0                       60  0.6651531364969250E+002  0.0000000000000000E+000  0.3258768339482002E-004
                        0                       61  0.6763194429211568E+002  0.0000000000000000E+000  0.3294548193721224E-004
                        0                       62  0.6874866532607791E+002  0.0000000000000000E+000  0.3319550593599636E-004
                        0                       63  0.6986545297729269E+002  0.0000000000000000E+000  0.3334618545869959E-004
                        0                       64  0.7098222096619502E+002  0.0000000000000000E+000  0.3340880692805260E-004
                        0                       65  0.7209897739977075E+002  0.0000000000000000E+000  0.3338965926055882E-004
                        0                       66  0.7321571468935031E+002  0.0000000000000000E+000  0.3329148934003766E-004
                        0                       67  0.7433242534880088E+002  0.0000000000000000E+000  0.3310974055085754E-004
                        0                       68  0.7544900337434012E+002  0.0000000000000000E+000  0.3283293169419201E-004
                        0                       69  0.7656541753145100E+002  0.0000000000000000E+000  0.3247160633314640E-004
                        0                       70  0.7768149308022524E+002  0.0000000000000000E+000  0.3203642191289890E-004
                        0                       71  0.7879722584997805E+002  0.0000000000000000E+000  0.3154149820848224E-004
                        0                       72  0.7991253310077852E+002  0.0000000000000000E+000  0.3100921846111177E-004
                        0                       73  0.8102736532892366E+002  0.0000000000000000E+000  0.3043779865165039E-004
                        0                       74  0.8214174688190487E+002  0.0000000000000000E+000  0.2984773935925526E-004
                        0                       75  0.8325569750837322E+002  0.0000000000000000E+000  0.2925452586831632E-004
                        0                       76  0.8436910739417988E+002  0.0000000000000000E+000  0.2865752037162238E-004
                        0                       77  0.8548205237529987E+002  0.0000000000000000E+000  0.2807816697195838E-004
                        0                       78  0.8659450253350215E+002  0.0000000000000000E+000  0.2753953084998804E-004
                        0                       79  0.8770648129020786E+002  0.0000000000000000E+000  0.2702085416687384E-004
                        0                       80  0.8881798321810564E+002  0.0000000000000000E+000  0.2653699815570489E-004
                        0                       81  0.8992910242483889E+002  0.0000000000000000E+000  0.2611953550401489E-004
                        0                       82  0.9103986989496295E+002  0.0000000000000000E+000  0.2577065217595707E-004
                        0                       83  0.9215031597420641E+002  0.0000000000000000E+000  0.2548072135370188E-004
                        0                       84  0.9326056792976325E+002  0.0000000000000000E+000  0.2526229714272503E-004
                        0                       85  0.9437069304652641E+002  0.0000000000000000E+000  0.2511781567611920E-004
                        0                       86  0.9548072857156011E+002  0.0000000000000000E+000  0.2504102102766814E-004
                        0                       87  0.9659077398299274E+002  0.0000000000000000E+000  0.2502602049911283E-004
                        0                       88  0.9770092006985749E+002  0.0000000000000000E+000  0.2509026925004920E-004
                        0                       89  0.9881123981868281E+002  0.0000000000000000E+000  0.2522787320948362E-004
                        0                       90  0.9992180440910784E+002  0.0000000000000000E+000  0.2542100983406454E-004
                        0                       91  0.1010326723936337E+003  0.0000000000000000E+000  0.2566639558577897E-004
                        0                       92  0.1021439112333577E+003  0.0000000000000000E+000  0.2595889915955279E-004
                        0                       93  0.1032555468525509E+003  0.0000000000000000E+000  0.2629380628307738E-004
                        0                       94  0.1043676164996326E+003  0.0000000000000000E+000  0.2666986728787208E-004
                        0                       95  0.1054800982311611E+003  0.0000000000000000E+000  0.2707670121591273E-004
                        0                       96  0.1065930381394361E+003  0.0000000000000000E+000  0.2749095590339238E-004
                        0                       97  0.1077063945707294E+003  0.0000000000000000E+000  0.2791686700117385E-004
                        0                       98  0.1088201919487682E+003  0.0000000000000000E+000  0.2833368643979962E-004
                        0                       99  0.1099343543952399E+003  0.0000000000000000E+000  0.2873775644653959E-004
                        0                      100  0.1110488882437607E+003  0.0000000000000000E+000  0.2913206575132397E-004
                        0                      101  0.1121637234370701E+003  0.0000000000000000E+000  0.2950875340973965E-004
                        0                      102  0.1132788790427137E+003  0.0000000000000000E+000  0.2984594195315676E-004
                        0                      103  0.1143942914052122E+003  0.0000000000000000E+000  0.3013504476312392E-004
                        0                      104  0.1155099229434870E+003  0.0000000000000000E+000  0.3036877538692121E-004
                        0                      105  0.1166257140810391E+003  0.0000000000000000E+000  0.3057167619045113E-004
                        0                      106  0.1177415951696623E+003  0.0000000000000000E+000  0.3073102890848767E-004
                        0                      107  0.1188575770015896E+003  0.0000000000000000E+000  0.3083160302526116E-004
                        0                      108  0.1199735720209887E+003  0.0000000000000000E+000  0.3086548328563736E-004
                        0                      109  0.1210895969827824E+003  0.0000000000000000E+000  0.3085208051365473E-004
                        0                      110  0.1222055651422336E+003  0.0000000000000000E+000  0.3079123812181941E-004
                        0                      111  0.1233214675778140E+003  0.0000000000000000E+000  0.3069043024671649E-004
                        0                      112  0.1244372569596759E+003  0.0000000000000000E+000  0.3052324563343574E-004
                        0                      113  0.1255528941203945E+003  0.0000000000000000E+000  0.3031951684049599E-004
                        0                      114  0.1266683480176936E+003  0.0000000000000000E+000  0.3008707415217031E-004
                        0                      115  0.1277835864817204E+003  0.0000000000000000E+000  0.2981493408125001E-004
                        0                      116  0.1288985748367177E+003  0.0000000000000000E+000  0.2951350464825394E-004
                        0                      117  0.1300133249492129E+003  0.0000000000000000E+000  0.2919605834824733E-004
                        0                      118  0.1311277570062847E+003  0.0000000000000000E+000  0.2887464059548666E-004
                        0                      119  0.1322419678182247E+003  0.0000000000000000E+000  0.2856278793715013E-004
                        0                      120  0.1333558373434451E+003  0.0000000000000000E+000  0.2823817948312032E-004
                        0                      121  0.1344694988280921E+003  0.0000000000000000E+000  0.2790342769496297E-004
                        0                      122  0.1355828339045233E+003  0.0000000000000000E+000  0.2760341755692543E-004
                        0                      123  0.1366959615761812E+003  0.0000000000000000E+000  0.2732950143488100E-004
                        0                      124  0.1378088031452268E+003  0.0000000000000000E+000  0.2707400182941965E-004
                        0                      125  0.1389214783750864E+003  0.0000000000000000E+000  0.2684956035554733E-004
                        0                      126  0.1400339481746397E+003  0.0000000000000000E+000  0.2664493191714420E-004
                        0                      127  0.1411462819997643E+003  0.0000000000000000E+000  0.2648543998621000E-004
                        0                      128  0.1422585021519616E+003  0.0000000000000000E+000  0.2638450881097398E-004
                        0                      129  0.1433706610426067E+003  0.0000000000000000E+000  0.2630406202739102E-004
                        0                      130  0.1444827843577220E+003  0.0000000000000000E+000  0.2626780138145134E-004
                        0                      131  0.1455949528131750E+003  0.0000000000000000E+000  0.2627911616893298E-004
                        0                      132  0.1467071606157043E+003  0.0000000000000000E+000  0.2632165535418845E-004
                        0                      133  0.1478194817467196E+003  0.0000000000000000E+000  0.2640323568690808E-004
                        0                      134  0.1489319386641861E+003  0.0000000000000000E+000  0.2653080851167264E-004
