                                                                                                                                                                                                                                                                
                        1                        2
                   M_star                   R_star
  0.1989200000000000E+034  0.2201453978046148E+013
                        1                        2                        3                        4                        5
                        l                     n_pg                 Re(freq)                 Im(freq)                   E_norm
                        0                       12  0.1006632315187157E+002  0.0000000000000000E+000  0.1014558703531434E-003
                        0                       13  0.1091784059242843E+002  0.0000000000000000E+000  0.1021981692897612E-003
                        0                       14  0.1177390427562478E+002  0.0000000000000000E+000  0.1027095190739943E-003
                        0                       15  0.1262772097053740E+002  0.0000000000000000E+000  0.1017938791211228E-003
                        0                       16  0.1348474204653547E+002  0.0000000000000000E+000  0.1008739816458069E-003
                        0                       17  0.1434013945830504E+002  0.0000000000000000E+000  0.9891627507752842E-004
                        0                       18  0.1519774832949766E+002  0.0000000000000000E+000  0.9638063919604211E-004
                        0                       19  0.1605342187327199E+002  0.0000000000000000E+000  0.9329360521670039E-004
                        0                       20  0.1691020691824933E+002  0.0000000000000000E+000  0.8976248224910419E-004
                        0                       21  0.1776577653428302E+002  0.0000000000000000E+000  0.8582331054250749E-004
                        0                       22  0.1862100218653809E+002  0.0000000000000000E+000  0.8161839709880009E-004
                        0                       23  0.1947522542749103E+002  0.0000000000000000E+000  0.7742156508171730E-004
                        0                       24  0.2032872117175818E+002  0.0000000000000000E+000  0.7311765129026049E-004
                        0                       25  0.2118089189182159E+002  0.0000000000000000E+000  0.6897919930300728E-004
                        0                       26  0.2203199199292204E+002  0.0000000000000000E+000  0.6510407356307126E-004
                        0                       27  0.2288186497296826E+002  0.0000000000000000E+000  0.6151983160981227E-004
                        0                       28  0.2373038470923287E+002  0.0000000000000000E+000  0.5835511950846528E-004
                        0                       29  0.2457781855365447E+002  0.0000000000000000E+000  0.5574739141248458E-004
                        0                       30  0.2542432310472634E+002  0.0000000000000000E+000  0.5362357817672171E-004
                        0                       31  0.2627002867653684E+002  0.0000000000000000E+000  0.5207618126068954E-004
                        0                       32  0.2711536167852164E+002  0.0000000000000000E+000  0.5113409320248203E-004
                        0                       33  0.2796053508046407E+002  0.0000000000000000E+000  0.5073244257884601E-004
                        0                       34  0.2880599145052118E+002  0.0000000000000000E+000  0.5090562306574489E-004
                        0                       35  0.2965205095501966E+002  0.0000000000000000E+000  0.5160077213273837E-004
                        0                       36  0.3049892716217897E+002  0.0000000000000000E+000  0.5276036749540091E-004
                        0                       37  0.3134700668668085E+002  0.0000000000000000E+000  0.5428141110840762E-004
                        0                       38  0.3219604372432213E+002  0.0000000000000000E+000  0.5617156392215167E-004
                        0                       39  0.3304646312766390E+002  0.0000000000000000E+000  0.5825703872606658E-004
                        0                       40  0.3389786482979783E+002  0.0000000000000000E+000  0.6052349624927821E-004
                        0                       41  0.3475058283771045E+002  0.0000000000000000E+000  0.6292908598507492E-004
                        0                       42  0.3560446153125802E+002  0.0000000000000000E+000  0.6524893782535745E-004
                        0                       43  0.3645919140397208E+002  0.0000000000000000E+000  0.6744677458565723E-004
                        0                       44  0.3731473946574923E+002  0.0000000000000000E+000  0.6946209826963378E-004
                        0                       45  0.3817091792571288E+002  0.0000000000000000E+000  0.7121989652931840E-004
                        0                       46  0.3902769074509512E+002  0.0000000000000000E+000  0.7263773643441440E-004
                        0                       47  0.3988466512878223E+002  0.0000000000000000E+000  0.7367902633503700E-004
                        0                       48  0.4074180296151116E+002  0.0000000000000000E+000  0.7439271950661140E-004
                        0                       49  0.4159914437550980E+002  0.0000000000000000E+000  0.7478674226363798E-004
                        0                       50  0.4245662777854132E+002  0.0000000000000000E+000  0.7480935401473533E-004
                        0                       51  0.4331407827504594E+002  0.0000000000000000E+000  0.7442562961896742E-004
                        0                       52  0.4417132026195242E+002  0.0000000000000000E+000  0.7364764946609274E-004
                        0                       53  0.4502823152043864E+002  0.0000000000000000E+000  0.7253804921627517E-004
                        0                       54  0.4588467141171990E+002  0.0000000000000000E+000  0.7116709101000188E-004
                        0                       55  0.4674061343158196E+002  0.0000000000000000E+000  0.6960147046528626E-004
                        0                       56  0.4759599453117526E+002  0.0000000000000000E+000  0.6789864013931762E-004
                        0                       57  0.4845074857389914E+002  0.0000000000000000E+000  0.6610464511223599E-004
                        0                       58  0.4930488586975260E+002  0.0000000000000000E+000  0.6428295634424066E-004
                        0                       59  0.5015827955804019E+002  0.0000000000000000E+000  0.6248874616543801E-004
                        0                       60  0.5101096502797638E+002  0.0000000000000000E+000  0.6080050169222115E-004
                        0                       61  0.5186298561437526E+002  0.0000000000000000E+000  0.5928007322575132E-004
                        0                       62  0.5271439467074761E+002  0.0000000000000000E+000  0.5793412015651402E-004
                        0                       63  0.5356527314074681E+002  0.0000000000000000E+000  0.5682229201751572E-004
                        0                       64  0.5441576169225165E+002  0.0000000000000000E+000  0.5598474964274156E-004
                        0                       65  0.5526590270956202E+002  0.0000000000000000E+000  0.5541457735239621E-004
                        0                       66  0.5611593562746919E+002  0.0000000000000000E+000  0.5512810434375568E-004
                        0                       67  0.5696596740093460E+002  0.0000000000000000E+000  0.5513775784737761E-004
                        0                       68  0.5781615094832429E+002  0.0000000000000000E+000  0.5541281576843297E-004
                        0                       69  0.5866667561680427E+002  0.0000000000000000E+000  0.5595446649205697E-004
                        0                       70  0.5951760500169693E+002  0.0000000000000000E+000  0.5672214047310181E-004
                        0                       71  0.6036901251684685E+002  0.0000000000000000E+000  0.5767551867617971E-004
                        0                       72  0.6122099370404533E+002  0.0000000000000000E+000  0.5879814098474961E-004
                        0                       73  0.6207356741522636E+002  0.0000000000000000E+000  0.6001956756877150E-004
                        0                       74  0.6292675654605338E+002  0.0000000000000000E+000  0.6129735644832803E-004
                        0                       75  0.6378053002236287E+002  0.0000000000000000E+000  0.6260606972336917E-004
                        0                       76  0.6463484303081601E+002  0.0000000000000000E+000  0.6388294457403429E-004
                        0                       77  0.6548964440653860E+002  0.0000000000000000E+000  0.6509081035680090E-004
                        0                       78  0.6634487900695532E+002  0.0000000000000000E+000  0.6617868547373844E-004
                        0                       79  0.6720046813655169E+002  0.0000000000000000E+000  0.6712027203312138E-004
                        0                       80  0.6805636442245638E+002  0.0000000000000000E+000  0.6789408499735242E-004
                        0                       81  0.6891248539821527E+002  0.0000000000000000E+000  0.6847130002073932E-004
                        0                       82  0.6976876174626896E+002  0.0000000000000000E+000  0.6885406026006449E-004
                        0                       83  0.7062509799389447E+002  0.0000000000000000E+000  0.6899763727801719E-004
                        0                       84  0.7148140195773935E+002  0.0000000000000000E+000  0.6891900985673787E-004
                        0                       85  0.7233762398237111E+002  0.0000000000000000E+000  0.6862964451905625E-004
                        0                       86  0.7319366314834090E+002  0.0000000000000000E+000  0.6814576811650225E-004
                        0                       87  0.7404947915012052E+002  0.0000000000000000E+000  0.6751133013358529E-004
                        0                       88  0.7490502743654916E+002  0.0000000000000000E+000  0.6673508559031353E-004
                        0                       89  0.7576025659800167E+002  0.0000000000000000E+000  0.6584810242035836E-004
                        0                       90  0.7661513282428010E+002  0.0000000000000000E+000  0.6487784146898116E-004
                        0                       91  0.7746962205826684E+002  0.0000000000000000E+000  0.6385431122812318E-004
                        0                       92  0.7832369372288541E+002  0.0000000000000000E+000  0.6284784529077375E-004
                        0                       93  0.7917735913587441E+002  0.0000000000000000E+000  0.6184864289633377E-004
                        0                       94  0.8003063174033349E+002  0.0000000000000000E+000  0.6092487965110538E-004
                        0                       95  0.8088353687939818E+002  0.0000000000000000E+000  0.6008415989745183E-004
                        0                       96  0.8173612117896467E+002  0.0000000000000000E+000  0.5935410690537150E-004
                        0                       97  0.8258842461126623E+002  0.0000000000000000E+000  0.5877608136561940E-004
                        0                       98  0.8344052496026481E+002  0.0000000000000000E+000  0.5833790153159571E-004
                        0                       99  0.8429249192817944E+002  0.0000000000000000E+000  0.5806339739001086E-004
                        0                      100  0.8514441102121937E+002  0.0000000000000000E+000  0.5795251475388581E-004
                        0                      101  0.8599635732038337E+002  0.0000000000000000E+000  0.5799641525767070E-004
                        0                      102  0.8684841921388019E+002  0.0000000000000000E+000  0.5822892566123484E-004
                        0                      103  0.8770062067168271E+002  0.0000000000000000E+000  0.5857859644102088E-004
                        0                      104  0.8855309521964625E+002  0.0000000000000000E+000  0.5907087986020770E-004
                        0                      105  0.8940580898758542E+002  0.0000000000000000E+000  0.5965785076881547E-004
                        0                      106  0.9025886867418632E+002  0.0000000000000000E+000  0.6031980087344114E-004
                        0                      107  0.9111224768928746E+002  0.0000000000000000E+000  0.6106853573350663E-004
                        0                      108  0.9196597996202676E+002  0.0000000000000000E+000  0.6184089059132098E-004
                        0                      109  0.9282003894491397E+002  0.0000000000000000E+000  0.6262577643430689E-004
                        0                      110  0.9367444507744061E+002  0.0000000000000000E+000  0.6337641015752959E-004
                        0                      111  0.9452909766370357E+002  0.0000000000000000E+000  0.6406609737808992E-004
                        0                      112  0.9538406824605921E+002  0.0000000000000000E+000  0.6470822581000331E-004
                        0                      113  0.9623919459345518E+002  0.0000000000000000E+000  0.6524330531357486E-004
                        0                      114  0.9709454424354237E+002  0.0000000000000000E+000  0.6570230702865376E-004
                        0                      115  0.9795000065604414E+002  0.0000000000000000E+000  0.6603767175341089E-004
                        0                      116  0.9880555321507039E+002  0.0000000000000000E+000  0.6621400210299978E-004
                        0                      117  0.9966114722753005E+002  0.0000000000000000E+000  0.6627869465252344E-004
                        0                      118  0.1005167217748818E+003  0.0000000000000000E+000  0.6620155627319259E-004
                        0                      119  0.1013722090923154E+003  0.0000000000000000E+000  0.6602038569325868E-004
                        0                      120  0.1022276285928008E+003  0.0000000000000000E+000  0.6574197268408634E-004
                        0                      121  0.1030828702463165E+003  0.0000000000000000E+000  0.6534865349573384E-004
                        0                      122  0.1039379608788249E+003  0.0000000000000000E+000  0.6484433564024053E-004
                        0                      123  0.1047928606199808E+003  0.0000000000000000E+000  0.6428412013940579E-004
                        0                      124  0.1056475054440774E+003  0.0000000000000000E+000  0.6369244237594671E-004
                        0                      125  0.1065019298831163E+003  0.0000000000000000E+000  0.6310066520850093E-004
                        0                      126  0.1073560798771541E+003  0.0000000000000000E+000  0.6248647556743108E-004
                        0                      127  0.1082099823056398E+003  0.0000000000000000E+000  0.6182771726695582E-004
                        0                      128  0.1090636538650274E+003  0.0000000000000000E+000  0.6132074390649789E-004
                        0                      129  0.1099171132303544E+003  0.0000000000000000E+000  0.6086983463851491E-004
                        0                      130  0.1107703715548450E+003  0.0000000000000000E+000  0.6033416843094855E-004
                        0                      131  0.1116235061452121E+003  0.0000000000000000E+000  0.5999358305067614E-004
                        0                      132  0.1124764700682640E+003  0.0000000000000000E+000  0.5980753103516856E-004
                        0                      133  0.1133294137348872E+003  0.0000000000000000E+000  0.5964764796833222E-004
                        0                      134  0.1141822921323039E+003  0.0000000000000000E+000  0.5959475143351097E-004
                        0                      135  0.1150352230506269E+003  0.0000000000000000E+000  0.5960500619712880E-004
                        0                      136  0.1158882070076942E+003  0.0000000000000000E+000  0.5976977048685995E-004
                        0                      137  0.1167413062857274E+003  0.0000000000000000E+000  0.6001025548172314E-004
                        0                      138  0.1175945365174734E+003  0.0000000000000000E+000  0.6033215799810671E-004
                        0                      139  0.1184479639590475E+003  0.0000000000000000E+000  0.6073023681989538E-004
                        0                      140  0.1193015563838315E+003  0.0000000000000000E+000  0.6112232492418728E-004
                        0                      141  0.1201554028608577E+003  0.0000000000000000E+000  0.6157910977967987E-004
                        0                      142  0.1210094101219389E+003  0.0000000000000000E+000  0.6208779235943316E-004
                        0                      143  0.1218636534082759E+003  0.0000000000000000E+000  0.6255917132645513E-004
                        0                      144  0.1227180993570015E+003  0.0000000000000000E+000  0.6305442111639486E-004
                        0                      145  0.1235727120490317E+003  0.0000000000000000E+000  0.6345744724751600E-004
                        0                      146  0.1244275236457835E+003  0.0000000000000000E+000  0.6386125123003609E-004
                        0                      147  0.1252824543440118E+003  0.0000000000000000E+000  0.6419282495665031E-004
                        0                      148  0.1261375060325019E+003  0.0000000000000000E+000  0.6447375300048402E-004
                        0                      149  0.1269926552192855E+003  0.0000000000000000E+000  0.6467904113553767E-004
                        0                      150  0.1278478455219929E+003  0.0000000000000000E+000  0.6478034515511768E-004
                        0                      151  0.1287030531565464E+003  0.0000000000000000E+000  0.6481703608648261E-004
                        0                      152  0.1295582736162313E+003  0.0000000000000000E+000  0.6479580694941741E-004
                        0                      153  0.1304133996743787E+003  0.0000000000000000E+000  0.6466319866038458E-004
                        0                      154  0.1312685254964233E+003  0.0000000000000000E+000  0.6449730529671204E-004
                        0                      155  0.1321234976458029E+003  0.0000000000000000E+000  0.6423043157812031E-004
                        0                      156  0.1329784096823349E+003  0.0000000000000000E+000  0.6394589397082922E-004
                        0                      157  0.1338331672553537E+003  0.0000000000000000E+000  0.6360254953934128E-004
                        0                      158  0.1346877989032736E+003  0.0000000000000000E+000  0.6324124092910318E-004
                        0                      159  0.1355422605855018E+003  0.0000000000000000E+000  0.6285212640133973E-004
                        0                      160  0.1363966138995461E+003  0.0000000000000000E+000  0.6246239936976663E-004
                        0                      161  0.1372507604039716E+003  0.0000000000000000E+000  0.6210747703006345E-004
                        0                      162  0.1381048457194521E+003  0.0000000000000000E+000  0.6177439042658244E-004
                        0                      163  0.1389587320552649E+003  0.0000000000000000E+000  0.6144497782990639E-004
                        0                      164  0.1398125626384095E+003  0.0000000000000000E+000  0.6116890947223714E-004
                        0                      165  0.1406662750728064E+003  0.0000000000000000E+000  0.6093869186776137E-004
                        0                      166  0.1415199267284413E+003  0.0000000000000000E+000  0.6080450249590660E-004
                        0                      167  0.1423735293758465E+003  0.0000000000000000E+000  0.6072891883769338E-004
                        0                      168  0.1432271331337838E+003  0.0000000000000000E+000  0.6070207737379021E-004
                        0                      169  0.1440807171667083E+003  0.0000000000000000E+000  0.6070466956001081E-004
                        0                      170  0.1449343851396882E+003  0.0000000000000000E+000  0.6077390143523110E-004
                        0                      171  0.1457880721353197E+003  0.0000000000000000E+000  0.6094680527573833E-004
                        0                      172  0.1466418677583658E+003  0.0000000000000000E+000  0.6117788742666961E-004
                        0                      173  0.1474957791813572E+003  0.0000000000000000E+000  0.6142172518386399E-004
                        0                      174  0.1483497850325406E+003  0.0000000000000000E+000  0.6168261801926099E-004
                        0                      175  0.1492039693248605E+003  0.0000000000000000E+000  0.6194193536410351E-004
