                                                                                                                                                                                                                                                                
                        1                        2
                   M_star                   R_star
  0.1989200000000000E+034  0.2777175854890570E+012
                        1                        2                        3                        4                        5
                        l                     n_pg                 Re(freq)                 Im(freq)                   E_norm
                        0                        1  0.2600579035320625E+002  0.0000000000000000E+000  0.4765587600869669E-001
                        0                        2  0.4831680018117198E+002  0.0000000000000000E+000  0.2681391506611564E-002
                        0                        3  0.6793674353786439E+002  0.0000000000000000E+000  0.3697021896095258E-003
                        0                        4  0.8663476909120007E+002  0.0000000000000000E+000  0.8066607981998518E-004
                        0                        5  0.1049978400670162E+003  0.0000000000000000E+000  0.1906728958529996E-004
                        0                        6  0.1218115480158755E+003  0.0000000000000000E+000  0.5628446251343622E-005
                        0                        7  0.1381743073893744E+003  0.0000000000000000E+000  0.2727890208700355E-005
