                                                                                                                                                                                                                                                                
                        1                        2
                   M_star                   R_star
  0.3182720000000000E+034  0.2779675203122909E+012
                        1                        2                        3                        4                        5
                        l                     n_pg                 Re(freq)                 Im(freq)                   E_norm
                        0                        1  0.3180565202203594E+002  0.0000000000000000E+000  0.6236763134336207E-001
                        0                        2  0.6022290316508169E+002  0.0000000000000000E+000  0.4227625110530792E-002
                        0                        3  0.8582128933514737E+002  0.0000000000000000E+000  0.6718083621074506E-003
                        0                        4  0.1099334414951951E+003  0.0000000000000000E+000  0.1569803676688999E-003
                        0                        5  0.1334302408024818E+003  0.0000000000000000E+000  0.4578530804670682E-004
