                                                                                                                                                                                                                                                                
                        1                        2
                   M_star                   R_star
  0.3182720000000000E+034  0.3491523222104199E+012
                        1                        2                        3                        4                        5
                        l                     n_pg                 Re(freq)                 Im(freq)                   E_norm
                        0                        1  0.2213013062294594E+002  0.0000000000000000E+000  0.6960062293813507E-001
                        0                        2  0.4250259708063603E+002  0.0000000000000000E+000  0.4207341569987906E-002
                        0                        3  0.6051895400817070E+002  0.0000000000000000E+000  0.6168673003677555E-003
                        0                        4  0.7747067694789253E+002  0.0000000000000000E+000  0.1380146931985692E-003
                        0                        5  0.9412222391134212E+002  0.0000000000000000E+000  0.3663786084674427E-004
                        0                        6  0.1100312738597156E+003  0.0000000000000000E+000  0.1013696943560673E-004
                        0                        7  0.1247711387212671E+003  0.0000000000000000E+000  0.3913210168826579E-005
                        0                        8  0.1396594902716920E+003  0.0000000000000000E+000  0.2178355617265453E-005
