                                                                                                                                                                                                                                                                
                        1                        2
                   M_star                   R_star
  0.3580560000000000E+034  0.3495871856484857E+012
                        1                        2                        3                        4                        5
                        l                     n_pg                 Re(freq)                 Im(freq)                   E_norm
                        0                        1  0.2335429572840017E+002  0.0000000000000000E+000  0.7202644070556589E-001
                        0                        2  0.4491415108651996E+002  0.0000000000000000E+000  0.4628853607314748E-002
                        0                        3  0.6416515549897670E+002  0.0000000000000000E+000  0.7149903143327746E-003
                        0                        4  0.8233914858360299E+002  0.0000000000000000E+000  0.1609180122685690E-003
                        0                        5  0.1000527410964626E+003  0.0000000000000000E+000  0.4309520442430025E-004
                        0                        6  0.1170772547210745E+003  0.0000000000000000E+000  0.1211229013259731E-004
                        0                        7  0.1329219460433797E+003  0.0000000000000000E+000  0.4388387636839083E-005
                        0                        8  0.1485877765527355E+003  0.0000000000000000E+000  0.2316561330867772E-005
