Inference for Stan model: anon_model_44e3c749f7a7110bcaebb3c656940e7c.
4 chains, each with iter=48000; warmup=24000; thin=1; 
post-warmup draws per chain=24000, total post-warmup draws=96000.

              mean se_mean     sd   2.5%    25%    50%    75%  97.5%  n_eff   Rhat
dnu[1]      11.718 2.43e-4  0.029 11.661 11.699 11.718 11.737 11.775  14058    1.0
dnu[2]      11.986 3.85e-4   0.04 11.907  11.96 11.986 12.012 12.067  11002  1.001
dnu[3]      10.548  5.3e-5   0.01 10.528 10.541 10.548 10.555 10.568  37099    1.0
dnu[4]      10.063 2.97e-5  0.007 10.049 10.058 10.063 10.068 10.077  57540    1.0
dnu[5]       9.655 2.64e-4  0.032  9.592  9.634  9.655  9.676  9.717  14326  1.001
dnu[6]       8.928 2.35e-4  0.027  8.874   8.91  8.928  8.946  8.982  13420  1.001
dnu[7]       8.248  3.5e-5  0.008  8.232  8.243  8.248  8.253  8.263  48463    1.0
dnu[8]       8.097 2.07e-4  0.024  8.049  8.081  8.097  8.113  8.145  13459  1.001
dnu[9]       6.463 1.14e-4  0.015  6.434  6.453  6.463  6.473  6.493  17002  1.001
dnu[10]      6.649 1.72e-4   0.02  6.608  6.636  6.649  6.663  6.688  14169    1.0
dnu[11]      6.135 2.97e-5  0.006  6.125  6.132  6.135  6.139  6.146  34366    1.0
dnu[12]      5.722 1.56e-4  0.021  5.681  5.708  5.722  5.735  5.763  17669    1.0
dnu[13]      5.593 1.56e-4  0.016  5.561  5.583  5.594  5.604  5.625  10699  1.003
dnu[14]      5.351 1.35e-4  0.016   5.32  5.341  5.352  5.362  5.381  13213    1.0
dnu[15]      5.161 1.48e-4  0.017  5.127   5.15  5.161  5.172  5.193  12623  1.001
dnu[16]      4.888 1.68e-4   0.02  4.848  4.875  4.888  4.901  4.927  14220    1.0
dnu[17]      4.729 3.76e-5  0.007  4.716  4.724  4.729  4.733  4.741  30780    1.0
dnu[18]      4.742  1.3e-4  0.016  4.709  4.731  4.742  4.752  4.773  15547    1.0
dnu[19]      4.779 5.96e-5   0.01   4.76  4.772  4.779  4.786  4.798  26716    1.0
dnu[20]      4.787   0.001  0.017  4.753  4.776  4.787  4.798  4.821  250.0  1.017
dnu[21]      4.744 1.26e-4  0.016  4.713  4.733  4.744  4.755  4.776  16535    1.0
dnu[22]      4.563 1.03e-4  0.015  4.533  4.553  4.563  4.573  4.592  20840    1.0
dnu[23]      4.741 4.19e-5  0.008  4.726  4.735   4.74  4.746  4.756  33183    1.0
dnu[24]      4.686 5.51e-5  0.009  4.669   4.68  4.686  4.692  4.703  24286    1.0
dnu[25]      4.713  1.3e-4  0.016  4.681  4.703  4.713  4.724  4.745  15266    1.0
dnu[26]      4.689 1.18e-4  0.015  4.659  4.679  4.689  4.699  4.717  15756    1.0
dnu[27]      4.679 6.38e-4   0.01  4.658  4.673  4.679  4.686  4.697  237.0  1.016
dnu[28]      4.704 1.07e-4  0.014  4.677  4.695  4.704  4.714  4.731  16785    1.0
dnu[29]      4.661 1.12e-4  0.015  4.631  4.651  4.661  4.671   4.69  18458    1.0
dnu[30]      4.392 7.91e-5  0.009  4.374  4.386  4.392  4.398   4.41  13909  1.002
dnu[31]      4.538  3.2e-5  0.006  4.526  4.534  4.538  4.542   4.55  35744    1.0
dnu[32]      4.253 5.43e-5  0.008  4.238  4.248  4.253  4.258  4.267  19434    1.0
dnu[33]      4.325 5.39e-5  0.008  4.308  4.319  4.325   4.33  4.341  23332    1.0
dnu[34]      4.127 1.16e-4  0.014  4.098  4.118  4.127  4.137  4.155  15333    1.0
dnu[35]      4.306 6.85e-5   0.01  4.285    4.3  4.307  4.313  4.325  22948    1.0
dnu[36]      4.111 1.26e-4  0.016  4.079    4.1  4.111  4.121  4.142  15909    1.0
dnu[37]      3.092 1.06e-4  0.013  3.067  3.084  3.093  3.101  3.116  14152    1.0
numax[1]    155.99   0.033  3.901 148.24 153.41 156.02 158.59 163.64  14139    1.0
numax[2]    154.02   0.047  4.739 144.85 150.93 153.90 156.97 163.74  10334  1.001
numax[3]    134.51   0.001  0.304 133.92 134.31 134.51 134.72 135.11  65242    1.0
numax[4]    126.09 1.17e-5  0.004 126.08 126.08 126.09 126.09 126.09  96837    1.0
numax[5]    119.94   0.025  3.025 113.92 117.97 119.96 121.93 125.85  14392  1.001
numax[6]    109.52   0.025  2.917 103.75 107.61 109.52 111.43 115.29  14123    1.0
numax[7]    98.429 9.86e-4  0.249 97.943 98.261 98.429 98.596 98.916  63573    1.0
numax[8]    95.835   0.021  2.435 91.051 94.223 95.825 97.438 100.68  13352  1.001
numax[9]    77.909   0.009  1.261  75.47 77.053 77.897  78.75 80.427  18853  1.001
numax[10]   74.119   0.017  1.918 70.019 72.917 74.227 75.433 77.636  13473    1.0
numax[11]   68.435 6.53e-5   0.03 68.377 68.415 68.435 68.455 68.494 206973    1.0
numax[12]   63.263   0.017   2.11 59.072 61.927 63.248 64.576 67.528  15329    1.0
numax[13]   55.805   0.021  1.259  53.28 54.972 55.815 56.653 58.243   3546  1.004
numax[14]   54.205   0.012  1.394 51.376 53.282  54.24 55.153 56.847  13230    1.0
numax[15]   53.346   0.012  1.373 50.533 52.462 53.384 54.268 55.962  12847  1.001
numax[16]   49.651   0.013  1.609  46.44 48.624 49.655 50.692 52.819  14345    1.0
numax[17]   48.341   0.002  0.388 47.582  48.08  48.34 48.602 49.104  35238    1.0
numax[18]   46.758   0.011   1.33 44.082 45.893 46.781 47.649 49.331  16031    1.0
numax[19]   45.911   0.002  0.342 45.239 45.681 45.911 46.141  46.58  42877    1.0
numax[20]   45.443   0.076  1.223 43.032 44.639 45.436 46.242  47.87  259.0  1.016
numax[21]   45.473    0.01  1.354 42.837  44.57 45.459 46.362 48.173  17003    1.0
numax[22]   45.857   0.007  1.032 43.799 45.176 45.868 46.555 47.854  22623    1.0
numax[23]   45.542   0.001  0.294 44.966 45.343 45.543 45.741 46.119  40344    1.0
numax[24]    45.04   0.003  0.464  44.13  44.73 45.039  45.35 45.951  29757    1.0
numax[25]   44.915    0.01  1.177 42.626 44.127   44.9 45.694 47.261  15263    1.0
numax[26]   44.875   0.011  1.482 41.898 43.895 44.894 45.872 47.731  16645    1.0
numax[27]   45.181 2.45e-5   0.01 45.162 45.174 45.181 45.188   45.2 157965    1.0
numax[28]   44.511    0.01  1.273 42.021 43.656 44.506 45.369 47.003  16477    1.0
numax[29]   43.189    0.01   1.35 40.503 42.292 43.203 44.093 45.811  18869    1.0
numax[30]   42.679   0.002  0.391 41.908 42.417  42.68 42.942 43.448  34225  1.001
numax[31]   43.167 3.21e-4  0.084 43.003  43.11 43.167 43.223 43.332  68634    1.0
numax[32]   41.563   0.002  0.344 40.887 41.332 41.565 41.797 42.235  31457    1.0
numax[33]   40.775 9.94e-4  0.215 40.352 40.631 40.777 40.921 41.195  46799    1.0
numax[34]   40.415   0.009  1.179 38.041 39.649 40.435 41.207 42.667  15540    1.0
numax[35]    39.88   0.001  0.332 39.228 39.657  39.88 40.102 40.533  49429    1.0
numax[36]   34.148   0.009  1.149 31.888 33.386 34.142 34.908 36.419  16286    1.0
numax[37]   27.289   0.006  0.733 25.809  26.81 27.306 27.785 28.678  14218    1.0
G[1]         3.577   0.001  0.279  3.092  3.385  3.554  3.744  4.191  37050    1.0
G[2]         3.164   0.002  0.311  2.592   2.95  3.152  3.365  3.812  35906    1.0
G[3]         2.496   0.002  0.234  1.938  2.367  2.505  2.642   2.93  14944    1.0
G[4]         3.031   0.002  0.277  2.583  2.852  2.996   3.17   3.69  28996    1.0
G[5]         3.146   0.001  0.256  2.719  2.971  3.119  3.291  3.726  59134    1.0
G[6]         3.713   0.002  0.366    3.0  3.471  3.709  3.952  4.451  38358    1.0
G[7]         2.823   0.001  0.238  2.359  2.666   2.82  2.974  3.304  36393    1.0
G[8]         2.933 7.58e-4  0.158  2.645  2.829  2.925  3.029   3.27  43260    1.0
G[9]         3.072   0.013  0.797   2.22  2.472  2.668  3.825  4.718   4017  1.002
G[10]        3.695   0.004  0.474  2.621  3.422  3.734   4.01  4.549  17433    1.0
G[11]        3.015   0.001  0.156  2.726  2.917   3.01   3.11  3.339  22728    1.0
G[12]        3.769   0.005  0.635   2.35  3.433  3.833  4.192  4.875  16574    1.0
G[13]        2.442   0.054  0.282  1.683  2.318  2.439  2.584  2.996   27.0  1.127
G[14]        2.572 8.95e-4  0.184  2.236  2.443  2.565  2.693  2.952  42426    1.0
G[15]        2.716   0.113  0.374  1.556   2.68  2.797  2.908  3.141   11.0  1.537
G[16]        2.497   0.002  0.217  1.886  2.391  2.512  2.629  2.874  12844    1.0
G[17]        3.264   0.001  0.221  2.887  3.111  3.245  3.393  3.753  33784    1.0
G[18]        2.937   0.001  0.242  2.521  2.768  2.917  3.082  3.473  52306    1.0
G[19]        3.173   0.002  0.348  2.583  2.929  3.146   3.39  3.925  34516    1.0
G[20]        3.196    0.02  0.503   2.33  2.912  3.141  3.447   4.33  655.0  1.009
G[21]        3.194   0.002  0.323  2.681  2.973  3.155  3.375  3.942  27152    1.0
G[22]        2.502   0.006  0.532   1.49  2.136   2.65  2.874  3.325   8882  1.001
G[23]        3.326   0.001  0.247  2.891  3.156  3.308  3.473  3.867  44195    1.0
G[24]        3.384   0.002  0.363  2.731  3.134  3.364  3.608  4.167  35916    1.0
G[25]         2.94   0.001  0.199  2.607  2.802   2.92  3.057  3.387  36157  1.001
G[26]          3.4   0.004  0.549  2.454  2.949  3.437  3.795  4.444  23410    1.0
G[27]        3.471   0.096  0.565  2.592  3.099  3.405  3.829  4.636   34.0  1.053
G[28]        3.444   0.002  0.319  2.884  3.219  3.421  3.647  4.126  41648    1.0
G[29]        3.098   0.004  0.371  2.486  2.863  3.065  3.303  3.925   9661  1.001
G[30]        2.678   0.043   0.59  1.661  2.352  2.522  2.832  4.157  187.0  1.019
G[31]        2.989   0.001  0.229  2.613  2.831  2.965  3.117  3.512  35273    1.0
G[32]        3.266   0.002  0.247   2.83  3.109  3.251  3.407  3.802  15182    1.0
G[33]         3.43   0.001  0.282  2.943  3.232  3.408  3.605  4.042  35752    1.0
G[34]        2.663   0.001  0.183  2.363  2.542  2.647  2.763  3.059  29169    1.0
G[35]        3.612   0.009  0.674   1.95  3.273  3.656  4.045  4.796   6101  1.001
G[36]        2.899   0.002   0.28  2.424  2.713  2.875  3.058  3.527  25072    1.0
G[37]         2.63   0.001  0.174  2.306  2.524   2.63   2.74  2.963  17262    1.0
phi[1]       2.301   0.005  0.626  1.091  1.883   2.29  2.705  3.567  14774    1.0
phi[2]       2.036   0.008  0.823  0.455  1.519  2.006  2.523  3.769  10465  1.001
phi[3]       2.503   0.003  0.356  2.002  2.282  2.445  2.641  3.541  10799    1.0
phi[4]       2.307   0.001   0.27  1.813  2.134  2.293  2.461  2.882  32798    1.0
phi[5]       2.083   0.006  0.658  0.791  1.657  2.077  2.504  3.383  12725  1.001
phi[6]       1.816   0.005  0.568  0.709  1.454  1.807  2.168  2.972  13191  1.001
phi[7]       2.013   0.002  0.297   1.45  1.812  2.005  2.207  2.614  34800    1.0
phi[8]       2.172   0.006  0.671  0.866  1.727  2.164  2.609  3.521  13498  1.001
phi[9]      -0.179   1.909  2.826 -6.003 -1.692  0.768  1.913  2.958    2.0  3.224
phi[10]      1.253   0.004  0.527  0.177  0.928  1.262   1.58   2.28  14230    1.0
phi[11]      1.194   0.001  0.202  0.819  1.063  1.188  1.317    1.6  22402    1.0
phi[12]     -0.751   0.007  0.813 -2.312 -1.246 -0.757  -0.27   0.83  12784    1.0
phi[13]     -0.017   1.943  3.299 -4.811 -3.658    1.8  2.627  5.505    3.0  2.625
phi[14]     -3.528   0.006  0.686 -4.892 -3.982 -3.522 -3.068  -2.19  13948    1.0
phi[15]      1.288   0.236  0.977 -0.171  0.707  1.149  1.634  4.186   17.0  1.264
phi[16]      1.122   0.008  0.932 -0.647  0.519  1.094  1.685  3.081  12314    1.0
phi[17]      0.529   0.001  0.251  0.043   0.36  0.526  0.696  1.026  35054    1.0
phi[18]      0.789   0.005  0.634 -0.484  0.379  0.795  1.206  2.033  16305    1.0
phi[19]      0.197   0.002  0.346 -0.469  -0.04  0.191  0.428  0.887  46236    1.0
phi[20]     -0.319   0.769  3.077 -6.164 -0.843 -0.109  0.524  6.117   16.0  1.246
phi[21]      0.057   0.005  0.619 -1.149 -0.354  0.052  0.463  1.295  18328    1.0
phi[22]     -0.101   1.138  2.754 -5.768 -0.169  0.981  1.603   3.18    6.0  1.619
phi[23]     -0.163   0.001  0.246 -0.641 -0.329 -0.1663.73e-4  0.326  43050    1.0
phi[24]       0.05   0.002  0.346 -0.599 -0.185  0.038  0.274  0.763  30666    1.0
phi[25]      0.519   0.005  0.589 -0.612   0.12  0.507  0.904  1.709  16849    1.0
phi[26]      0.007   0.006   0.75 -1.367 -0.493 -0.035  0.457   1.64  15737    1.0
phi[27]      1.856   2.355  4.107 -6.202 -0.418  0.379  5.844  6.244    3.0  2.045
phi[28]       -0.7   0.004  0.559 -1.772  -1.08 -0.709 -0.328  0.418  17815    1.0
phi[29]     -0.218   0.005   0.68  -1.61 -0.649 -0.194  0.237  1.051  15740    1.0
phi[30]     -2.512   0.761  3.276 -6.149 -5.289 -4.684  0.727  5.549   19.0  1.226
phi[31]      0.454 9.51e-4  0.219  0.004  0.311   0.46  0.604  0.867  53313    1.0
phi[32]      0.384   0.002  0.256 -0.081  0.215  0.374  0.539    0.9  12728    1.0
phi[33]      0.247 9.77e-4  0.205 -0.162  0.111  0.249  0.386  0.645  44255    1.0
phi[34]      1.683   0.006  0.726  0.218  1.213  1.694  2.166  3.084  15837    1.0
phi[35]      0.106   0.015  0.823 -0.738  -0.31 -0.056  0.248  2.979   2834  1.002
phi[36]     -0.227   0.005  0.674 -1.529 -0.676 -0.235  0.213  1.127  17116    1.0
phi[37]      0.498   0.005  0.628 -0.752  0.084  0.505  0.916  1.706  14261    1.0
tau[1]      10.101   0.015  3.532  4.073  7.483  9.877 12.453 17.547  56292    1.0
tau[2]      10.758   0.015  3.601  4.256  8.149 10.605 13.175 18.218  60477    1.0
tau[3]       9.272   0.018  3.867  2.718  6.341  9.093 11.917 17.238  46031    1.0
tau[4]       10.06   0.015  3.623  3.708  7.403  9.876 12.485 17.586  57026    1.0
tau[5]      11.207   0.013  3.465  5.027  8.712  11.04 13.495 18.455  68922    1.0
tau[6]       7.462   0.018  3.408  2.763  4.781  6.814  9.563 15.368  37841    1.0
tau[7]         7.7   0.017  3.914    2.2  4.433  7.167 10.372 16.218  53821    1.0
tau[8]       7.591   0.016  3.707  2.396  4.569   7.01 10.028 15.874  52190    1.0
tau[9]       9.465   0.018  3.905  2.537  6.589  9.346 12.128 17.348  49012    1.0
tau[10]      6.757   0.026  3.954  1.626  3.401  6.009  9.425 15.563  22595    1.0
tau[11]      7.953   0.021  4.063   1.97  4.565  7.564 10.789  16.56  36195    1.0
tau[12]      8.639   0.023  4.275  1.266  5.409  8.599 11.637   17.2  34258    1.0
tau[13]     10.142   0.014  3.685  3.554  7.473  9.993 12.626 17.742  64973    1.0
tau[14]     10.101   0.014  3.585   3.92  7.456  9.877 12.502 17.628  66800    1.0
tau[15]     10.118   0.106   3.62  3.693   7.49  9.958  12.53 17.601   1175  1.007
tau[16]      9.418   0.016  3.859  2.796  6.521  9.237 12.043 17.366  61709    1.0
tau[17]      8.657    0.02  4.003  2.321   5.46  8.413 11.454 16.977  41203    1.0
tau[18]      8.668   0.017  3.939  2.302  5.598  8.421 11.365 16.943  53520    1.0
tau[19]     10.414   0.014  3.628  3.879  7.793 10.258 12.854 17.897  62646    1.0
tau[20]      9.212   0.017  3.875  2.512  6.296  9.051  11.87 17.165  51184    1.0
tau[21]     10.299   0.015  3.684  3.706  7.616  10.16 12.768 17.903  61314    1.0
tau[22]     10.685   0.016  3.699  3.737  8.101 10.585 13.179 18.155  53852    1.0
tau[23]      10.71   0.015  3.577  4.268  8.124 10.562 13.099 18.082  56848    1.0
tau[24]      9.581   0.017  3.737  3.052  6.813  9.405 12.108 17.341  47978    1.0
tau[25]      9.901   0.016  3.673  3.537  7.188  9.689 12.358 17.576  55256    1.0
tau[26]      9.054   0.019   3.93  2.451  6.044   8.86 11.761 17.162  42661    1.0
tau[27]      9.347   0.017  3.849  2.753  6.459  9.169 11.967 17.264  54246    1.0
tau[28]       9.19   0.017  3.818   2.67  6.311  8.983 11.743 17.231  53455    1.0
tau[29]     10.922   0.014  3.556  4.504  8.366 10.776 13.285 18.265  66458    1.0
tau[30]     10.207   0.016  3.785  3.249  7.496 10.098  12.76 17.934  55534    1.0
tau[31]      9.593   0.016  3.747  3.195  6.787  9.382 12.116 17.421  51933    1.0
tau[32]      10.53   0.017  3.646  3.907  7.917 10.399 12.969 18.001  47750    1.0
tau[33]       9.21   0.017  3.769  2.989  6.327  8.966 11.765 17.137  46550    1.0
tau[34]      9.331   0.018  3.977  2.428  6.351  9.222 12.065 17.402  50444    1.0
tau[35]      9.884   0.015  3.678  3.422  7.186  9.704 12.362 17.484  56982    1.0
tau[36]     10.182   0.015  3.718  3.419  7.502 10.049 12.682 17.788  60226    1.0
tau[37]       9.61   0.016  3.797  2.901  6.831  9.457 12.177 17.384  57692    1.0
eps_std[1]   0.363   0.006  0.799 -1.226 -0.171  0.368  0.904  1.913  18544    1.0
eps_std[2]  -0.119   0.007  0.935 -1.948 -0.746  -0.12  0.513  1.708  18485    1.0
eps_std[3]   0.384   0.005  0.551 -0.699  0.015  0.386  0.752  1.466  12084    1.0
eps_std[4]  -0.393   0.005  0.516 -1.438  -0.73 -0.383 -0.041  0.594  10696  1.001
eps_std[5]   0.102   0.006  0.931 -1.717 -0.528    0.1  0.732   1.93  21401    1.0
eps_std[6]    0.07   0.007  0.882 -1.694  -0.52  0.079   0.67  1.777  16975    1.0
eps_std[7]   0.611   0.004  0.442 -0.241  0.312  0.606  0.902  1.497  13342    1.0
eps_std[8]   0.015   0.007  0.848 -1.658 -0.552  0.017  0.587   1.67  16307    1.0
eps_std[9]  -1.415   0.005  0.671 -2.749 -1.861 -1.408 -0.968 -0.108  20938  1.001
eps_std[10]  0.747   0.006  0.834 -0.915  0.193  0.756   1.31   2.36  16697    1.0
eps_std[11]  1.209   0.003  0.393    0.5  0.937  1.189  1.457  2.044  13166    1.0
eps_std[12] -0.208   0.007  0.953  -2.08 -0.852 -0.209  0.439  1.648  21049    1.0
eps_std[13]  0.525   0.006  0.723 -0.909  0.046  0.529  1.009  1.945  13201  1.003
eps_std[14]  0.938   0.006  0.724 -0.491  0.454  0.941  1.417  2.367  15986    1.0
eps_std[15]  0.608   0.007   0.81 -1.001  0.067  0.615  1.155  2.184  14999  1.002
eps_std[16] -0.052   0.008  0.987 -1.984 -0.719 -0.057  0.613  1.887  16907    1.0
eps_std[17] -0.895   0.003  0.447 -1.815 -1.184  -0.88 -0.593 -0.054  19641    1.0
eps_std[18] -0.132   0.006  0.831 -1.753  -0.69 -0.137  0.422  1.519  17627    1.0
eps_std[19]  -1.09   0.004  0.528 -2.151 -1.436  -1.08 -0.737 -0.079  22702    1.0
eps_std[20] -0.475   0.051  0.833 -2.096 -1.032 -0.485  0.076  1.186  268.0  1.016
eps_std[21] -0.521   0.006  0.802 -2.085 -1.058 -0.523  0.016  1.066  18887    1.0
eps_std[22]  0.408   0.005  0.807 -1.188  -0.13  0.415  0.949  1.983  23386    1.0
eps_std[23]  -1.19   0.003  0.461 -2.148 -1.486 -1.174 -0.876  -0.33  19521    1.0
eps_std[24]  0.077   0.004  0.489 -0.877 -0.248  0.072  0.398  1.057  19042    1.0
eps_std[25] -0.369   0.006  0.804  -1.94 -0.906 -0.372  0.167   1.22  17106    1.0
eps_std[26]  0.208   0.006  0.756 -1.268 -0.296  0.202   0.71   1.71  17736    1.0
eps_std[27] -0.619   0.017  0.563 -1.695 -0.993 -0.636 -0.264  0.552   1120  1.009
eps_std[28] -0.221   0.005    0.7 -1.596 -0.692 -0.222  0.249  1.156  17883    1.0
eps_std[29] -0.418   0.005  0.756 -1.887 -0.925 -0.425   0.08  1.095  20332    1.0
eps_std[30]  0.954   0.004  0.541 -0.079  0.587   0.94  1.308   2.05  21311  1.001
eps_std[31] -0.604   0.003  0.412 -1.443 -0.871 -0.594 -0.327  0.185  18972    1.0
eps_std[32]   1.84   0.004  0.547  0.834  1.461  1.815  2.194  2.979  15648    1.0
eps_std[33] -0.263   0.004  0.513 -1.269 -0.603 -0.265  0.073  0.758  18571    1.0
eps_std[34]  0.236   0.006   0.83 -1.394  -0.32  0.237   0.79  1.855  17956    1.0
eps_std[35]  -0.88   0.004  0.605 -2.029 -1.288 -0.893 -0.494  0.363  20347    1.0
eps_std[36] -0.226   0.006  0.797 -1.787 -0.762 -0.229   0.31  1.337  18113    1.0
eps_std[37]  0.205   0.006  0.852 -1.467 -0.364  0.201  0.779  1.887  18978    1.0
eps_sig      0.041 7.91e-5  0.008  0.027  0.035   0.04  0.046  0.059  10559  1.001
epsA        -0.304 5.08e-4  0.048 -0.396 -0.336 -0.304 -0.272 -0.206   9093  1.001
epsB          0.22 2.95e-4  0.028  0.164  0.202  0.221  0.239  0.274   8948  1.001
al_std[1]   -0.739   0.003   0.49 -1.683 -1.065 -0.745 -0.424  0.252  27991    1.0
al_std[2]    0.092   0.004   0.75 -1.322 -0.423  0.074  0.586  1.613  31900    1.0
al_std[3]   -0.763   0.003  0.588 -1.912 -1.153  -0.77 -0.382  0.428  30654    1.0
al_std[4]    0.072   0.003  0.508 -0.877 -0.272  0.052  0.391  1.129  30349    1.0
al_std[5]    0.512   0.003  0.529 -0.471  0.153  0.491  0.851  1.613  37103    1.0
al_std[6]   -0.072   0.004  0.676 -1.415 -0.512 -0.075  0.368  1.272  31802    1.0
al_std[7]    -1.58   0.003  0.467 -2.551 -1.882 -1.562 -1.258 -0.721  33524    1.0
al_std[8]   -0.131   0.003  0.475 -1.052 -0.447 -0.138  0.177  0.826  33728    1.0
al_std[9]   -0.127   0.003  0.576 -1.281   -0.5 -0.122  0.252  0.998  35072    1.0
al_std[10]   0.348   0.006  0.757 -1.229 -0.131  0.377  0.854  1.783  18556    1.0
al_std[11]  -1.481   0.003  0.409 -2.345 -1.739  -1.46 -1.199  -0.74  24602  1.001
al_std[12]   0.628   0.005   0.98 -1.285 -0.033   0.62  1.287  2.564  38178    1.0
al_std[13]   0.513   0.003  0.604 -0.646   0.11  0.499  0.906  1.741  48409    1.0
al_std[14]  -0.348   0.002  0.439 -1.221 -0.635 -0.346 -0.059  0.517  38550    1.0
al_std[15]   0.125   0.003  0.537 -0.932 -0.228  0.123  0.477  1.184  34682  1.001
al_std[16]   0.569   0.003   0.66 -0.731   0.13  0.568  1.007  1.869  52253    1.0
al_std[17]  -1.642   0.003  0.551 -2.783 -1.998  -1.62 -1.264 -0.616  38932    1.0
al_std[18]   0.276   0.003  0.662 -1.022 -0.163  0.269  0.713  1.595  53464    1.0
al_std[19]   0.275   0.004  0.736 -1.161 -0.218   0.27  0.762  1.733  44128    1.0
al_std[20]   0.935   0.005  0.806 -0.746  0.424  0.963  1.479  2.448  31264  1.001
al_std[21]  -0.072   0.003  0.767 -1.585 -0.581 -0.068  0.441  1.432  54649    1.0
al_std[22]   1.053   0.003  0.633 -0.175  0.627  1.049  1.472  2.317  48628    1.0
al_std[23]  -0.213   0.003  0.652 -1.503 -0.646 -0.212  0.225  1.069  47574    1.0
al_std[24]   0.069   0.003  0.655 -1.232 -0.359  0.072  0.503  1.349  45887    1.0
al_std[25]   0.554   0.003  0.635 -0.695  0.133  0.553  0.973  1.811  48715    1.0
al_std[26]  -1.145   0.003  0.659 -2.455 -1.578  -1.14 -0.709  0.141  41594    1.0
al_std[27]   0.828   0.057  0.891 -0.997  0.249  0.859  1.437  2.505  247.0  1.012
al_std[28]  -0.786   0.003  0.556 -1.897 -1.149 -0.781 -0.415  0.297  40582    1.0
al_std[29]  -0.608   0.004   0.83 -2.215 -1.166 -0.619  -0.06  1.045  50917    1.0
al_std[30]  -0.018   0.021  0.764 -1.579 -0.514 -0.002  0.496  1.441   1342  1.004
al_std[31]   0.874   0.003   0.65 -0.414  0.451  0.878    1.3  2.153  40904    1.0
al_std[32]  -0.315   0.003  0.668 -1.633  -0.76 -0.316  0.131  0.999  48110    1.0
al_std[33]   0.282   0.004  0.805 -1.328 -0.248  0.289  0.822  1.842  44414    1.0
al_std[34]  -0.059   0.003  0.712 -1.453 -0.533 -0.061  0.415  1.346  52161    1.0
al_std[35]    0.36   0.004  0.843 -1.297   -0.2  0.359   0.92  2.031  55721    1.0
al_std[36]   0.418   0.004  0.832 -1.237 -0.135  0.427  0.982  2.021  52188    1.0
al_std[37]   1.585   0.003  0.628  0.379  1.161  1.573  1.998  2.852  43947    1.0
al_sig       0.002 3.15e-64.44e-4  0.001  0.002  0.002  0.003  0.003  19925  1.001
alA          0.022 1.55e-5  0.002  0.017   0.02  0.022  0.023  0.027  22810  1.001
alB          0.359 4.15e-4  0.061  0.236  0.319   0.36  0.401  0.478  21871    1.0
A_std[1]     0.128   0.004  0.742 -1.384 -0.308  0.128  0.565  1.627  40225    1.0
A_std[2]     0.553   0.004  0.811 -1.065  0.066  0.539   1.03  2.218  34480    1.0
A_std[3]      0.76   0.005  0.922 -1.029   0.19  0.735  1.307  2.678  36409    1.0
A_std[4]      -0.5   0.004  0.862 -2.253 -1.018 -0.492  0.021  1.218  43381    1.0
A_std[5]    -0.204   0.005  0.844 -1.901 -0.715 -0.199  0.313  1.473  33291    1.0
A_std[6]     0.291   0.004    0.8 -1.337 -0.176  0.298  0.765  1.883  32954    1.0
A_std[7]    -0.163   0.004  0.925 -2.016 -0.734 -0.163  0.414  1.665  50900    1.0
A_std[8]     0.451   0.004  0.925 -1.375  -0.12  0.444  1.014  2.324  43616    1.0
A_std[9]     0.253   0.008   1.13 -1.875 -0.467  0.204  0.923  2.656  22417    1.0
A_std[10]   -0.486   0.004  0.896 -2.311 -1.023 -0.474  0.062  1.279  39666    1.0
A_std[11]   -0.108   0.004  0.901 -1.934 -0.656 -0.098  0.453  1.659  46311    1.0
A_std[12]     0.03   0.004  0.997 -1.959 -0.594  0.029  0.653  2.027  57806    1.0
A_std[13]   -0.331   0.009  1.147 -2.659 -1.032 -0.311  0.395  1.905  16305  1.002
A_std[14]   -0.507   0.005  1.065 -2.655  -1.17 -0.495  0.168   1.58  42549    1.0
A_std[15]   -0.028   0.095  0.994 -1.957 -0.642 -0.056  0.556   2.05  108.0  1.037
A_std[16]    0.309   0.005  1.064 -1.746 -0.365  0.282  0.956  2.508  50076    1.0
A_std[17]    0.074   0.004  0.984 -1.856 -0.544  0.069  0.688  2.051  52675    1.0
A_std[18]    0.722   0.005  1.074 -1.322  0.038  0.691  1.371  2.959  38666    1.0
A_std[19]    0.168   0.004  1.031 -1.873 -0.477  0.157  0.803  2.252  59884    1.0
A_std[20]   -0.365   0.005  1.089  -2.59 -1.037 -0.345  0.325  1.757  44591  1.001
A_std[21]    0.468   0.005  1.079  -1.58 -0.222  0.433  1.127  2.698  45802    1.0
A_std[22]   -0.801   0.008  1.207  -3.27 -1.549 -0.778 -0.017  1.514  23936  1.001
A_std[23]    0.438   0.005  1.036 -1.571 -0.218  0.415  1.075  2.565  45089    1.0
A_std[24]   -0.219   0.004  0.977 -2.182 -0.826 -0.212   0.39  1.708  51210    1.0
A_std[25]    0.903   0.007  1.264 -1.342  0.087  0.807  1.614  3.706  28701  1.001
A_std[26]   -0.238   0.005  1.063 -2.319 -0.907 -0.251  0.417  1.918  42705    1.0
A_std[27]   -0.526   0.007  1.102 -2.814 -1.187 -0.499  0.179   1.58  21646  1.003
A_std[28]   -0.061   0.004  0.933 -1.936 -0.638 -0.065  0.519  1.801  48650    1.0
A_std[29]   -0.039   0.004  1.016 -2.056 -0.678 -0.044  0.597  1.995  59291    1.0
A_std[30]   -0.219   0.008  1.164 -2.589 -0.934   -0.2  0.512  2.052  22522  1.001
A_std[31]    0.449   0.005  1.031 -1.531 -0.208  0.424  1.084  2.576  45234    1.0
A_std[32]    -0.91   0.006  1.109 -3.205 -1.584 -0.876 -0.196  1.183  32543  1.001
A_std[33]    1.079   0.007  1.252 -1.194  0.259  0.999   1.81  3.794  30198  1.001
A_std[34]    0.572   0.006  1.207 -1.625 -0.203  0.505  1.263  3.186  38281    1.0
A_std[35]   -0.618   0.006   1.08 -2.836 -1.273 -0.599  0.067  1.455  33907    1.0
A_std[36]    0.074   0.004  1.059 -2.004 -0.593  0.069  0.731  2.193  57961    1.0
A_std[37]    0.357   0.005  1.051  -1.67 -0.312  0.335  1.001  2.504  50522    1.0
A_sig        0.003 2.54e-5  0.0022.01e-4  0.002  0.003  0.004  0.006   3799  1.008
AA           0.097 5.07e-5  0.008  0.082  0.091  0.097  0.102  0.114  26151  1.002
AB           0.844 2.41e-4  0.044  0.758  0.815  0.844  0.874   0.93  32897    1.0
epsilon[1]   0.254 2.76e-4  0.033  0.188  0.232  0.254  0.276  0.317  14061    1.0
epsilon[2]   0.238 4.14e-4  0.043   0.15  0.211  0.239  0.267  0.322  10987  1.001
epsilon[3]   0.231 6.64e-5  0.012  0.206  0.223  0.231  0.239  0.255  35352    1.0
epsilon[4]    0.19 4.03e-5  0.009  0.172  0.183   0.19  0.196  0.208  52371    1.0
epsilon[5]     0.2 3.39e-4  0.041   0.12  0.173    0.2  0.227   0.28  14340  1.001
epsilon[6]   0.181 3.24e-4  0.037  0.105  0.157  0.182  0.206  0.254  13378  1.001
epsilon[7]   0.186 5.13e-5  0.011  0.164  0.178  0.186  0.193  0.208  47808    1.0
epsilon[8]   0.158 3.03e-4  0.035  0.087  0.135  0.158  0.181  0.226  13499  1.001
epsilon[9]    0.05 2.12e-4  0.028 -0.006  0.031   0.05  0.068  0.103  16967  1.001
epsilon[10]  0.145 2.91e-4  0.035  0.078  0.122  0.144  0.167  0.214  14067    1.0
epsilon[11]  0.144 5.03e-5   0.01  0.125  0.138  0.144   0.15  0.163  36154    1.0
epsilon[12]  0.072 2.98e-4   0.04 -0.009  0.046  0.072  0.098  0.149  17965    1.0
epsilon[13]  0.097  2.9e-4  0.029   0.04  0.078  0.097  0.116  0.155   9886  1.003
epsilon[14]  0.104 2.55e-4  0.029  0.048  0.084  0.104  0.124  0.164  13292    1.0
epsilon[15]  0.083 2.97e-4  0.033  0.019  0.061  0.082  0.105  0.151  12562  1.002
epsilon[16]  0.044 3.47e-4  0.041 -0.038  0.017  0.044   0.07  0.126  14257    1.0
epsilon[17]  0.003 8.38e-5  0.015 -0.026 -0.007  0.003  0.012  0.031  30487    1.0
epsilon[18]  0.034 2.69e-4  0.034 -0.033  0.011  0.034  0.056    0.1  15639    1.0
epsilon[19] -0.003 1.15e-4  0.019 -0.041 -0.016 -0.003   0.01  0.034  27572    1.0
epsilon[20]  0.021   0.002  0.034 -0.047-5.04e-4  0.022  0.044  0.087  244.0  1.017
epsilon[21]  0.018 2.54e-4  0.033 -0.048 -0.004  0.018  0.039   0.08  16526  1.001
epsilon[22]  0.048 2.27e-4  0.033 -0.016  0.026  0.047  0.069  0.113  20988    1.0
epsilon[23] -0.009 8.26e-5  0.015 -0.039 -0.019 -0.008  0.001   0.02  32900    1.0
epsilon[24]  0.039 1.13e-4  0.017  0.005  0.028  0.039  0.051  0.074  23497    1.0
epsilon[25]  0.022 2.62e-4  0.033 -0.043  0.001  0.023  0.044  0.086  15357    1.0
epsilon[26]  0.045 2.43e-4   0.03 -0.013  0.025  0.045  0.065  0.106  15468    1.0
epsilon[27]  0.011 8.65e-4  0.021 -0.027 -0.003   0.01  0.024  0.056  582.0  1.011
epsilon[28]  0.028 2.14e-4  0.028 -0.026   0.01  0.028  0.047  0.082  16610    1.0
epsilon[29]  0.018 2.22e-4   0.03 -0.042 -0.002  0.018  0.038  0.078  18558    1.0
epsilon[30]  0.061 1.22e-4  0.019  0.023  0.047   0.06  0.074  0.099  25508  1.001
epsilon[31]  0.005  6.8e-5  0.013  -0.02 -0.004  0.005  0.014   0.03  36072    1.0
epsilon[32]  0.089 1.24e-4  0.017  0.056  0.077  0.088    0.1  0.124  19775    1.0
epsilon[33]  0.008 1.18e-4  0.018 -0.027 -0.004  0.008   0.02  0.045  23636    1.0
epsilon[34]  0.018 2.75e-4  0.034 -0.048 -0.004  0.018  0.041  0.086  15282    1.0
epsilon[35] -0.018 1.52e-4  0.023 -0.059 -0.033 -0.019 -0.003   0.03  22172    1.0
epsilon[36] -0.002 2.54e-4  0.032 -0.066 -0.023 -0.002   0.02  0.061  15930    1.0
epsilon[37] -0.047 3.04e-4  0.036 -0.116 -0.071 -0.047 -0.023  0.025  14064    1.0
alpha[1]     0.007 4.91e-69.58e-4  0.006  0.007  0.007  0.008  0.009  38061    1.0
alpha[2]     0.009 9.65e-6  0.002  0.006  0.008  0.009   0.01  0.013  30717    1.0
alpha[3]     0.008 6.75e-6  0.001  0.005  0.007  0.008  0.008   0.01  33894    1.0
alpha[4]      0.01 5.28e-6  0.001  0.008  0.009   0.01   0.01  0.012  38076    1.0
alpha[5]     0.011 4.38e-6  0.001  0.009   0.01  0.011  0.011  0.013  60600    1.0
alpha[6]      0.01 8.23e-6  0.001  0.007  0.009   0.01  0.011  0.013  32155    1.0
alpha[7]     0.007 2.92e-68.65e-4  0.005  0.006  0.007  0.007  0.008  88012    1.0
alpha[8]      0.01 4.25e-69.48e-4  0.008  0.009   0.01  0.011  0.012  49718    1.0
alpha[9]     0.011  6.1e-6  0.001  0.008   0.01  0.011  0.012  0.013  40154    1.0
alpha[10]    0.012 1.26e-5  0.002  0.008  0.011  0.012  0.013  0.015  17862    1.0
alpha[11]    0.008 3.05e-6 6.5e-4  0.007  0.008  0.008  0.009  0.009  45407    1.0
alpha[12]    0.013 1.31e-5  0.002  0.009  0.011  0.013  0.015  0.018  32238    1.0
alpha[13]    0.013 5.37e-6  0.001   0.01  0.012  0.013  0.014  0.015  58964  1.001
alpha[14]    0.011 3.24e-6 8.6e-4  0.009  0.011  0.011  0.012  0.013  70366    1.0
alpha[15]    0.012 5.53e-6  0.001   0.01  0.012  0.012  0.013  0.014  40359  1.002
alpha[16]    0.014 5.68e-6  0.001  0.011  0.013  0.014  0.014  0.016  65018    1.0
alpha[17]    0.009 4.77e-6  0.001  0.006  0.008  0.009   0.01  0.011  58943    1.0
alpha[18]    0.013 5.78e-6  0.001   0.01  0.012  0.013  0.014  0.016  62724    1.0
alpha[19]    0.013 7.75e-6  0.002   0.01  0.012  0.013  0.014  0.016  44934    1.0
alpha[20]    0.014 1.27e-5  0.002  0.011  0.013  0.014  0.016  0.018  21725  1.001
alpha[21]    0.012 7.08e-6  0.002  0.009  0.011  0.012  0.013  0.016  58731    1.0
alpha[22]    0.015  5.5e-6  0.001  0.012  0.014  0.015  0.016  0.018  63928    1.0
alpha[23]    0.012 5.86e-6  0.001  0.009  0.011  0.012  0.013  0.015  57963    1.0
alpha[24]    0.013 6.13e-6  0.001   0.01  0.012  0.013  0.014  0.015  53687    1.0
alpha[25]    0.014 5.71e-6  0.001  0.011  0.013  0.014  0.015  0.016  58539    1.0
alpha[26]     0.01 7.14e-6  0.001  0.007  0.009   0.01  0.011  0.013  42991    1.0
alpha[27]    0.014 1.55e-4  0.002   0.01  0.013  0.014  0.016  0.019  181.0  1.014
alpha[28]    0.011 5.07e-6  0.001  0.008   0.01  0.011  0.011  0.013  53091    1.0
alpha[29]    0.011 8.65e-6  0.002  0.007   0.01  0.011  0.012  0.015  48356    1.0
alpha[30]    0.013  5.8e-5  0.002  0.009  0.012  0.013  0.014  0.016  882.0  1.005
alpha[31]    0.015 6.67e-6  0.001  0.012  0.014  0.015  0.015  0.017  45786    1.0
alpha[32]    0.012 6.13e-6  0.001  0.009  0.011  0.012  0.013  0.015  56667    1.0
alpha[33]    0.013 8.66e-6  0.002   0.01  0.012  0.013  0.015  0.017  44344    1.0
alpha[34]    0.013 6.31e-6  0.002   0.01  0.012  0.013  0.014  0.016  61825    1.0
alpha[35]    0.014 8.33e-6  0.002   0.01  0.012  0.014  0.015  0.018  54488    1.0
alpha[36]    0.014 8.42e-6  0.002   0.01  0.013  0.014  0.015  0.018  51346    1.0
alpha[37]    0.018 5.89e-6  0.001  0.015  0.017  0.018  0.019  0.021  55229    1.0
A[1]         0.012 6.87e-6  0.002  0.009  0.011  0.012  0.014  0.016  62202    1.0
A[2]         0.013 1.26e-5  0.002   0.01  0.012  0.013  0.015  0.018  26698  1.001
A[3]         0.016 1.83e-5  0.003  0.011  0.014  0.015  0.017  0.022  21323  1.002
A[4]         0.012 1.24e-5  0.002  0.007  0.011  0.013  0.014  0.016  33600  1.001
A[5]         0.014 2.24e-5  0.002  0.009  0.012  0.014  0.015  0.018  10198  1.001
A[6]         0.016 1.07e-5  0.002  0.012  0.015  0.016  0.017   0.02  32676  1.001
A[7]         0.016  1.1e-5  0.003   0.01  0.014  0.016  0.017  0.021  54218    1.0
A[8]         0.018 1.38e-5  0.003  0.013  0.016  0.018  0.019  0.024  34423  1.001
A[9]         0.021 3.07e-5  0.004  0.015  0.019   0.02  0.022   0.03  14528  1.001
A[10]        0.018 1.45e-5  0.002  0.012  0.017  0.018   0.02  0.022  29377  1.001
A[11]        0.021  1.1e-5  0.002  0.015  0.019  0.021  0.022  0.025  49141    1.0
A[12]        0.022 1.17e-5  0.003  0.016  0.021  0.022  0.024  0.028  63615  1.001
A[13]        0.021 3.82e-5  0.004  0.013   0.02  0.022  0.024  0.028   9847  1.003
A[14]        0.022 2.02e-5  0.003  0.014   0.02  0.022  0.024  0.028  27675  1.001
A[15]        0.024 4.21e-4  0.003  0.018  0.022  0.024  0.026  0.031   53.0  1.071
A[16]        0.026 1.61e-5  0.003   0.02  0.024  0.026  0.028  0.034  44317  1.001
A[17]        0.026 1.26e-5  0.003   0.02  0.025  0.026  0.028  0.033  53724  1.001
A[18]        0.028 2.17e-5  0.003  0.023  0.026  0.028   0.03  0.036  24787  1.003
A[19]        0.026 1.26e-5  0.003   0.02  0.025  0.026  0.028  0.033  62312  1.001
A[20]        0.025 2.03e-5  0.003  0.016  0.023  0.025  0.027  0.031  29357  1.001
A[21]        0.028 2.06e-5  0.003  0.022  0.025  0.027  0.029  0.036  28499  1.002
A[22]        0.024 3.32e-5  0.004  0.015  0.022  0.025  0.027  0.031  15087  1.002
A[23]        0.027 1.75e-5  0.003  0.022  0.025  0.027  0.029  0.035  33489  1.002
A[24]        0.026 1.29e-5  0.003  0.019  0.024  0.026  0.027  0.031  49140    1.0
A[25]        0.029 5.02e-5  0.005  0.023  0.026  0.028  0.031  0.041   8152  1.005
A[26]        0.025 1.72e-5  0.003  0.018  0.024  0.026  0.027  0.032  37162    1.0
A[27]        0.025 5.07e-5  0.004  0.016  0.023  0.025  0.027   0.03   4903  1.005
A[28]        0.026 1.14e-5  0.003   0.02  0.024  0.026  0.028  0.031  54426    1.0
A[29]        0.026  1.3e-5  0.003   0.02  0.024  0.026  0.028  0.033  57375  1.001
A[30]        0.027 6.03e-5  0.004  0.018  0.025  0.027  0.029  0.035   4216  1.003
A[31]        0.028 1.87e-5  0.003  0.023  0.026  0.028   0.03  0.036  29662  1.002
A[32]        0.026  2.6e-5  0.004  0.017  0.023  0.026  0.028  0.031  19611  1.002
A[33]        0.032 4.23e-5  0.004  0.026  0.028  0.031  0.034  0.043  10903  1.004
A[34]        0.031  3.1e-5  0.004  0.025  0.029   0.03  0.033  0.042  19747  1.003
A[35]        0.026 2.43e-5  0.003  0.018  0.024  0.027  0.028  0.032  20092  1.001
A[36]         0.03 1.43e-5  0.003  0.023  0.028  0.029  0.031  0.037  56113  1.001
A[37]        0.038 1.94e-5  0.004  0.032  0.036  0.038   0.04  0.046  33083  1.002
lp__        74.404   0.243 15.259 43.673 64.252 74.691 84.867 103.37   3929  1.003

Samples were drawn using NUTS at Fri Mar 22 07:27:33 2019.
For each parameter, n_eff is a crude measure of effective sample size,
and Rhat is the potential scale reduction factor on split chains (at 
convergence, Rhat=1).