                                                                                                                                                                                                                                                                
                        1                        2
                   M_star                   R_star
  0.1591360000000000E+034  0.2775862655956223E+012
                        1                        2                        3                        4                        5
                        l                     n_pg                 Re(freq)                 Im(freq)                   E_norm
                        0                        1  0.2389862748154912E+002  0.0000000000000000E+000  0.3837937774872949E-001
                        0                        2  0.4366151711163860E+002  0.0000000000000000E+000  0.2073823881408659E-002
                        0                        3  0.6124746562460291E+002  0.0000000000000000E+000  0.2652194141548761E-003
                        0                        4  0.7804177902330937E+002  0.0000000000000000E+000  0.4473428713696822E-004
                        0                        5  0.9327386358227379E+002  0.0000000000000000E+000  0.9890895507483346E-005
                        0                        6  0.1077935662615813E+003  0.0000000000000000E+000  0.3866331226965780E-005
                        0                        7  0.1226631219875937E+003  0.0000000000000000E+000  0.1824340063102660E-005
                        0                        8  0.1370718683941199E+003  0.0000000000000000E+000  0.1111833964598314E-005
