                                                                                                                                                                                                                                                                
                        1                        2
                   M_star                   R_star
  0.1591360000000000E+034  0.2203298437201723E+012
                        1                        2                        3                        4                        5
                        l                     n_pg                 Re(freq)                 Im(freq)                   E_norm
                        0                        1  0.3361581446018856E+002  0.0000000000000000E+000  0.4130086226094938E-001
                        0                        2  0.6171266012432186E+002  0.0000000000000000E+000  0.2482385820177013E-002
                        0                        3  0.8698679746688160E+002  0.0000000000000000E+000  0.3422401549764981E-003
                        0                        4  0.1111674651532909E+003  0.0000000000000000E+000  0.6506809953886102E-004
                        0                        5  0.1340416523323725E+003  0.0000000000000000E+000  0.1398483364476993E-004
