                                                                                                                                                                                                                                                                
                        1                        2
                   M_star                   R_star
  0.1591360000000000E+034  0.2776126811456325E+012
                        1                        2                        3                        4                        5
                        l                     n_pg                 Re(freq)                 Im(freq)                   E_norm
                        0                        1  0.2396847973567310E+002  0.0000000000000000E+000  0.3761595356727150E-001
                        0                        2  0.4371623153386032E+002  0.0000000000000000E+000  0.2049624884032003E-002
                        0                        3  0.6130860623549879E+002  0.0000000000000000E+000  0.2632083985195901E-003
                        0                        4  0.7810047050785124E+002  0.0000000000000000E+000  0.4454838408541148E-004
                        0                        5  0.9330666927126840E+002  0.0000000000000000E+000  0.1003145404043787E-004
                        0                        6  0.1078598529072686E+003  0.0000000000000000E+000  0.3999807929761324E-005
                        0                        7  0.1227559682546252E+003  0.0000000000000000E+000  0.1916369936006347E-005
                        0                        8  0.1372135951778537E+003  0.0000000000000000E+000  0.1191047567563960E-005
