                                                                                                                                                                                                                                                                
                        1                        2
                   M_star                   R_star
  0.2784880000000000E+034  0.2207072798729839E+012
                        1                        2                        3                        4                        5
                        l                     n_pg                 Re(freq)                 Im(freq)                   E_norm
                        0                        1  0.7503441499204635E+002  0.0000000000000000E+000  0.1739965626059624E-004
                        0                        2  0.9679745217336198E+002  0.0000000000000000E+000  0.2172126784636999E-005
                        0                        3  0.1203346363521578E+003  0.0000000000000000E+000  0.4803915388847750E-006
                        0                        4  0.1442582379260843E+003  0.0000000000000000E+000  0.1452189782204693E-006
