                                                                                                                                                                                                                                                                
                        1                        2
                   M_star                   R_star
  0.2784880000000000E+034  0.1388867823989041E+013
                        1                        2                        3                        4                        5
                        l                     n_pg                 Re(freq)                 Im(freq)                   E_norm
                        0                        5  0.1014284909619944E+002  0.0000000000000000E+000  0.2503466926554730E-004
                        0                        6  0.1185545021641034E+002  0.0000000000000000E+000  0.2188315475173211E-004
                        0                        7  0.1370921857178615E+002  0.0000000000000000E+000  0.1812866048932021E-004
                        0                        8  0.1551467700639236E+002  0.0000000000000000E+000  0.1729554877666374E-004
                        0                        9  0.1739977318248436E+002  0.0000000000000000E+000  0.1716470126024195E-004
                        0                       10  0.1927806653940015E+002  0.0000000000000000E+000  0.1668108930267189E-004
                        0                       11  0.2117212926353464E+002  0.0000000000000000E+000  0.1682195712533389E-004
                        0                       12  0.2307633606931317E+002  0.0000000000000000E+000  0.1699776581899298E-004
                        0                       13  0.2499156962324805E+002  0.0000000000000000E+000  0.1720194707246297E-004
                        0                       14  0.2690729252676255E+002  0.0000000000000000E+000  0.1737152099629466E-004
                        0                       15  0.2883234642003314E+002  0.0000000000000000E+000  0.1765393374401781E-004
                        0                       16  0.3075824586689146E+002  0.0000000000000000E+000  0.1780263590299147E-004
                        0                       17  0.3268940645723973E+002  0.0000000000000000E+000  0.1804445329501891E-004
                        0                       18  0.3462286600246140E+002  0.0000000000000000E+000  0.1811976966405866E-004
                        0                       19  0.3655709837413631E+002  0.0000000000000000E+000  0.1825156879567449E-004
                        0                       20  0.3849554077054240E+002  0.0000000000000000E+000  0.1829381246758021E-004
                        0                       21  0.4043335619167780E+002  0.0000000000000000E+000  0.1827006061891719E-004
                        0                       22  0.4237357629848973E+002  0.0000000000000000E+000  0.1822845358066697E-004
                        0                       23  0.4431450567890049E+002  0.0000000000000000E+000  0.1809682811358733E-004
                        0                       24  0.4625588242275754E+002  0.0000000000000000E+000  0.1792824778894164E-004
                        0                       25  0.4819805599395578E+002  0.0000000000000000E+000  0.1770929092901003E-004
                        0                       26  0.5014046146507577E+002  0.0000000000000000E+000  0.1743580338722743E-004
                        0                       27  0.5208312438025615E+002  0.0000000000000000E+000  0.1711817623110939E-004
                        0                       28  0.5402558744776833E+002  0.0000000000000000E+000  0.1675406994248950E-004
                        0                       29  0.5596800187862912E+002  0.0000000000000000E+000  0.1637172381593403E-004
                        0                       30  0.5791022832973891E+002  0.0000000000000000E+000  0.1594626111295167E-004
                        0                       31  0.5985207123285152E+002  0.0000000000000000E+000  0.1550117935623793E-004
                        0                       32  0.6179317006796822E+002  0.0000000000000000E+000  0.1503316394456224E-004
                        0                       33  0.6373392856463487E+002  0.0000000000000000E+000  0.1456168073582754E-004
                        0                       34  0.6567383688049628E+002  0.0000000000000000E+000  0.1407932409486275E-004
                        0                       35  0.6761296598003162E+002  0.0000000000000000E+000  0.1359708628369379E-004
                        0                       36  0.6955104426836681E+002  0.0000000000000000E+000  0.1312296620089753E-004
                        0                       37  0.7148837515858418E+002  0.0000000000000000E+000  0.1266040256570295E-004
                        0                       38  0.7342451451035105E+002  0.0000000000000000E+000  0.1221640342773583E-004
                        0                       39  0.7535960561747078E+002  0.0000000000000000E+000  0.1179678204837481E-004
                        0                       40  0.7729366558531872E+002  0.0000000000000000E+000  0.1140768980309144E-004
                        0                       41  0.7922661213969378E+002  0.0000000000000000E+000  0.1104571233637519E-004
                        0                       42  0.8115870827113449E+002  0.0000000000000000E+000  0.1072437180014359E-004
                        0                       43  0.8308998803176047E+002  0.0000000000000000E+000  0.1043450546062891E-004
                        0                       44  0.8502022556749554E+002  0.0000000000000000E+000  0.1019288867578899E-004
                        0                       45  0.8695013228973377E+002  0.0000000000000000E+000  0.9991077310467362E-005
                        0                       46  0.8887949584048710E+002  0.0000000000000000E+000  0.9824921829842839E-005
                        0                       47  0.9080829597608255E+002  0.0000000000000000E+000  0.9705513662308715E-005
                        0                       48  0.9273725212828211E+002  0.0000000000000000E+000  0.9630202179907372E-005
                        0                       49  0.9466620705346584E+002  0.0000000000000000E+000  0.9595875039618944E-005
                        0                       50  0.9659531701060629E+002  0.0000000000000000E+000  0.9602792625508326E-005
                        0                       51  0.9852513025771607E+002  0.0000000000000000E+000  0.9646484943611169E-005
                        0                       52  0.1004554253020736E+003  0.0000000000000000E+000  0.9724719513395040E-005
                        0                       53  0.1023864278359518E+003  0.0000000000000000E+000  0.9844389406502660E-005
                        0                       54  0.1043185879305488E+003  0.0000000000000000E+000  0.9997000300581023E-005
                        0                       55  0.1062517600097488E+003  0.0000000000000000E+000  0.1017095149580334E-004
                        0                       56  0.1081858595299057E+003  0.0000000000000000E+000  0.1036433453600152E-004
                        0                       57  0.1101210143362153E+003  0.0000000000000000E+000  0.1057675592797049E-004
                        0                       58  0.1120572831728802E+003  0.0000000000000000E+000  0.1081146006294647E-004
                        0                       59  0.1139947444128537E+003  0.0000000000000000E+000  0.1105379805994704E-004
                        0                       60  0.1159332890922324E+003  0.0000000000000000E+000  0.1129594518923495E-004
                        0                       61  0.1178725303080562E+003  0.0000000000000000E+000  0.1153059986896950E-004
                        0                       62  0.1198125880335697E+003  0.0000000000000000E+000  0.1177833799926300E-004
                        0                       63  0.1217538065949178E+003  0.0000000000000000E+000  0.1202669740703820E-004
                        0                       64  0.1236961142847447E+003  0.0000000000000000E+000  0.1227070160177659E-004
                        0                       65  0.1256390789929711E+003  0.0000000000000000E+000  0.1248453479539378E-004
                        0                       66  0.1275825618255941E+003  0.0000000000000000E+000  0.1267830794267565E-004
                        0                       67  0.1295264389771669E+003  0.0000000000000000E+000  0.1285681484669630E-004
                        0                       68  0.1314708195310288E+003  0.0000000000000000E+000  0.1302446187677453E-004
                        0                       69  0.1334158070461976E+003  0.0000000000000000E+000  0.1317624585276745E-004
                        0                       70  0.1353611744851116E+003  0.0000000000000000E+000  0.1329257903536553E-004
                        0                       71  0.1373069278509614E+003  0.0000000000000000E+000  0.1337893443441268E-004
                        0                       72  0.1392528134869043E+003  0.0000000000000000E+000  0.1342687832005133E-004
                        0                       73  0.1411986892393745E+003  0.0000000000000000E+000  0.1345680312015764E-004
                        0                       74  0.1431445369426787E+003  0.0000000000000000E+000  0.1345074853059289E-004
                        0                       75  0.1450902831550606E+003  0.0000000000000000E+000  0.1342570907440390E-004
                        0                       76  0.1470358420087913E+003  0.0000000000000000E+000  0.1336148242199849E-004
                        0                       77  0.1489812932791382E+003  0.0000000000000000E+000  0.1329345009051105E-004
