                                                                                                                                                                                                                                                                
                        1                        2
                   M_star                   R_star
  0.3580560000000000E+034  0.2773559179222740E+012
                        1                        2                        3                        4                        5
                        l                     n_pg                 Re(freq)                 Im(freq)                   E_norm
                        0                        1  0.5984695816093511E+002  0.0000000000000000E+000  0.2040802330222004E-004
                        0                        2  0.7739204444397262E+002  0.0000000000000000E+000  0.2682559698072380E-005
                        0                        3  0.9655213658113593E+002  0.0000000000000000E+000  0.5739130135047731E-006
                        0                        4  0.1159580557544539E+003  0.0000000000000000E+000  0.1635949717930345E-006
                        0                        5  0.1348006683900539E+003  0.0000000000000000E+000  0.6788874928089914E-007
