                                                                                                                                                                                                                                                                
                        1                        2
                   M_star                   R_star
  0.3580560000000000E+034  0.3496245777726572E+012
                        1                        2                        3                        4                        5
                        l                     n_pg                 Re(freq)                 Im(freq)                   E_norm
                        0                        1  0.4011631237515908E+002  0.0000000000000000E+000  0.3369289387639738E-004
                        0                        2  0.5300846859509249E+002  0.0000000000000000E+000  0.6290494978166254E-005
                        0                        3  0.6677989262056269E+002  0.0000000000000000E+000  0.1937665266945870E-005
                        0                        4  0.8096510293699158E+002  0.0000000000000000E+000  0.8283736174537732E-006
                        0                        5  0.9542971609803608E+002  0.0000000000000000E+000  0.4985127503278599E-006
                        0                        6  0.1104481477167219E+003  0.0000000000000000E+000  0.3658677875926439E-006
                        0                        7  0.1258341622033425E+003  0.0000000000000000E+000  0.2992650981292476E-006
                        0                        8  0.1415672957433769E+003  0.0000000000000000E+000  0.2640118299813592E-006
