                                                                                                                                                                                                                                                                
                        1                        2
                   M_star                   R_star
  0.3580560000000000E+034  0.2777223594097801E+012
                        1                        2                        3                        4                        5
                        l                     n_pg                 Re(freq)                 Im(freq)                   E_norm
                        0                        1  0.5901006495225438E+002  0.0000000000000000E+000  0.2329330092373662E-004
                        0                        2  0.7672910594240453E+002  0.0000000000000000E+000  0.3277880930533036E-005
                        0                        3  0.9607450019943099E+002  0.0000000000000000E+000  0.7362777445559844E-006
                        0                        4  0.1156514824880546E+003  0.0000000000000000E+000  0.2190731083076996E-006
                        0                        5  0.1346514425253602E+003  0.0000000000000000E+000  0.9686302560005419E-007
