                                                                                                                                                                                                                                                                
                        1                        2
                   M_star                   R_star
  0.1989200000000000E+034  0.2777306406730456E+012
                        1                        2                        3                        4                        5
                        l                     n_pg                 Re(freq)                 Im(freq)                   E_norm
                        0                        1  0.2656574290572589E+002  0.0000000000000000E+000  0.4151969352017075E-001
                        0                        2  0.4876785661022943E+002  0.0000000000000000E+000  0.2521238443570618E-002
                        0                        3  0.6870094653251606E+002  0.0000000000000000E+000  0.3528799513589026E-003
                        0                        4  0.8774869523401139E+002  0.0000000000000000E+000  0.6930113879465453E-004
                        0                        5  0.1057684722804382E+003  0.0000000000000000E+000  0.1541446896938531E-004
                        0                        6  0.1222636662349984E+003  0.0000000000000000E+000  0.5244248351583731E-005
                        0                        7  0.1389886120449329E+003  0.0000000000000000E+000  0.2620770531464958E-005
