                                                                                                                                                                                                                                                                
                        1                        2
                   M_star                   R_star
  0.1989200000000000E+034  0.2252085566874633E+012
                        1                        2                        3                        4                        5
                        l                     n_pg                 Re(freq)                 Im(freq)                   E_norm
                        0                        1  0.3534640405060095E+002  0.0000000000000000E+000  0.5173474461373081E-001
                        0                        2  0.6602017531496008E+002  0.0000000000000000E+000  0.3225794811693042E-002
                        0                        3  0.9353293778687417E+002  0.0000000000000000E+000  0.4694297835627108E-003
                        0                        4  0.1196730136138944E+003  0.0000000000000000E+000  0.1010760329115418E-003
                        0                        5  0.1452442589089762E+003  0.0000000000000000E+000  0.2458577689045098E-004
