                                                                                                                                                                                                                                                                
                        1                        2
                   M_star                   R_star
  0.3182720000000000E+034  0.2778259602437732E+012
                        1                        2                        3                        4                        5
                        l                     n_pg                 Re(freq)                 Im(freq)                   E_norm
                        0                        1  0.3185151341531556E+002  0.0000000000000000E+000  0.6254539585506844E-001
                        0                        2  0.6028711982327739E+002  0.0000000000000000E+000  0.4288073681001625E-002
                        0                        3  0.8595026574259093E+002  0.0000000000000000E+000  0.6895091818646087E-003
                        0                        4  0.1101904242881800E+003  0.0000000000000000E+000  0.1604446429892406E-003
                        0                        5  0.1337817008405569E+003  0.0000000000000000E+000  0.4534346219039503E-004
