                                                                                                                                                                                                                                                                
                        1                        2
                   M_star                   R_star
  0.3182720000000000E+034  0.3491244119235628E+012
                        1                        2                        3                        4                        5
                        l                     n_pg                 Re(freq)                 Im(freq)                   E_norm
                        0                        1  0.2215023676267376E+002  0.0000000000000000E+000  0.6979903262113919E-001
                        0                        2  0.4252588481682369E+002  0.0000000000000000E+000  0.4274519808448628E-002
                        0                        3  0.6060302053765987E+002  0.0000000000000000E+000  0.6324137147617913E-003
                        0                        4  0.7766471781498876E+002  0.0000000000000000E+000  0.1389582916645000E-003
                        0                        5  0.9433306023976256E+002  0.0000000000000000E+000  0.3539213186691911E-004
                        0                        6  0.1100975121997715E+003  0.0000000000000000E+000  0.9769928626828990E-005
                        0                        7  0.1248005453934886E+003  0.0000000000000000E+000  0.3931760515812019E-005
                        0                        8  0.1397710444162931E+003  0.0000000000000000E+000  0.2180117978796348E-005
