                                                                                                                                                                                                                                                                
                        1                        2
                   M_star                   R_star
  0.3182720000000000E+034  0.3493226135167657E+012
                        1                        2                        3                        4                        5
                        l                     n_pg                 Re(freq)                 Im(freq)                   E_norm
                        0                        1  0.2247049545285370E+002  0.0000000000000000E+000  0.6390115064817767E-001
                        0                        2  0.4272346285986300E+002  0.0000000000000000E+000  0.4036236275785861E-002
                        0                        3  0.6081508171884209E+002  0.0000000000000000E+000  0.6045652526477354E-003
                        0                        4  0.7791631346510601E+002  0.0000000000000000E+000  0.1323074834189668E-003
                        0                        5  0.9454735072653125E+002  0.0000000000000000E+000  0.3324818965430638E-004
                        0                        6  0.1101695794659384E+003  0.0000000000000000E+000  0.9350462031850599E-005
                        0                        7  0.1248282956218027E+003  0.0000000000000000E+000  0.3927805861026026E-005
                        0                        8  0.1398192059920910E+003  0.0000000000000000E+000  0.2206268503721113E-005
