Inference for Stan model: anon_model_36d21e616971c881d1e45dd863be4cb0.
4 chains, each with iter=15000; warmup=7500; thin=1; 
post-warmup draws per chain=7500, total post-warmup draws=30000.

                  mean se_mean     sd   2.5%    25%    50%    75%  97.5%  n_eff   Rhat
dnu[1]            8.08  3.7e-4 7.9e-3   8.07   8.08   8.08   8.09    8.1  450.0   1.01
dnu[2]            5.05  3.5e-4 7.3e-3   5.04   5.05   5.05   5.06   5.07  434.0    1.0
dnu[3]            6.01  2.6e-4 6.5e-3   5.99    6.0   6.01   6.01   6.02  598.0   1.01
dnu[4]            5.67  8.2e-4   0.02   5.64   5.66   5.67   5.68    5.7  442.0   1.01
dnu[5]            5.61  3.5e-4 7.5e-3    5.6    5.6   5.61   5.62   5.62  457.0    1.0
dnu[6]            5.35  2.5e-4 6.2e-3   5.33   5.34   5.35   5.35   5.36  612.0    1.0
dnu[7]            5.03  3.6e-4 8.9e-3   5.01   5.03   5.03   5.04   5.05  622.0   1.01
dnu[8]            5.43  6.6e-4 8.6e-3   5.41   5.42   5.43   5.44   5.44  170.0   1.02
dnu[9]             4.8  4.1e-4 9.4e-3   4.78   4.79    4.8   4.81   4.82  526.0    1.0
dnu[10]            6.0  3.8e-4 8.6e-3   5.99    6.0    6.0   6.01   6.02  507.0   1.01
dnu[11]            5.8  1.5e-3   0.03   5.74   5.79    5.8   5.82   5.85  304.0   1.01
dnu[12]           5.85  3.5e-4 7.0e-3   5.83   5.84   5.85   5.85   5.86  402.0   1.01
dnu[13]           5.76  3.3e-4 6.9e-3   5.75   5.76   5.76   5.77   5.78  428.0    1.0
dnu[14]           4.75  3.0e-4 7.0e-3   4.73   4.74   4.75   4.75   4.76  552.0   1.01
dnu[15]           8.39  2.9e-4 7.8e-3   8.37   8.38   8.39   8.39    8.4  721.0    1.0
dnu[16]            6.5  5.6e-4   0.01   6.47   6.49    6.5   6.51   6.52  527.0    1.0
dnu[17]           5.23  7.1e-4   0.01    5.2   5.22   5.23   5.24   5.25  324.0   1.02
dnu[18]           7.47  4.7e-4   0.01   7.45   7.46   7.47   7.47   7.49  484.0   1.01
dnu[19]            6.5  4.2e-4 8.1e-3   6.48   6.49    6.5    6.5   6.51  369.0   1.01
dnu[20]           6.25  5.5e-4   0.01   6.23   6.24   6.25   6.26   6.27  353.0   1.01
dnu[21]           4.89  2.9e-4 6.3e-3   4.88   4.89   4.89   4.89    4.9  464.0   1.02
dnu[22]           5.32  4.9e-4   0.01    5.3   5.31   5.32   5.33   5.34  426.0   1.02
dnu[23]           5.67  3.0e-4 7.0e-3   5.66   5.67   5.67   5.68   5.69  552.0   1.01
dnu[24]           6.26  3.2e-4 7.8e-3   6.25   6.26   6.26   6.27   6.28  583.0   1.01
dnu[25]           5.24  4.0e-4 9.2e-3   5.22   5.24   5.24   5.25   5.26  518.0    1.0
dnu[26]           6.73  4.1e-4 9.8e-3   6.71   6.73   6.73   6.74   6.75  554.0    1.0
dnu[27]           6.15  3.9e-4 8.2e-3   6.13   6.14   6.15   6.15   6.16  430.0   1.01
dnu[28]           4.91  4.8e-4   0.01   4.89    4.9   4.91   4.92   4.93  435.0   1.01
dnu[29]           5.87  3.6e-4 7.8e-3   5.85   5.86   5.86   5.87   5.88  464.0   1.01
dnu[30]           6.47  3.7e-4 8.2e-3   6.45   6.46   6.47   6.47   6.48  491.0   1.02
dnu[31]            4.6  3.9e-4 9.0e-3   4.59    4.6    4.6   4.61   4.62  540.0   1.01
dnu[32]            5.2  2.7e-4 6.4e-3   5.19    5.2    5.2    5.2   5.21  544.0   1.01
dnu[33]           4.69  4.7e-4 8.6e-3   4.67   4.68   4.69   4.69    4.7  329.0   1.02
dnu[34]           6.47  3.7e-4 8.1e-3   6.45   6.46   6.47   6.47   6.48  489.0   1.01
dnu[35]            7.3  3.2e-4 7.3e-3   7.28   7.29    7.3    7.3   7.31  527.0    1.0
dnu[36]           5.56  3.6e-4 7.2e-3   5.54   5.55   5.56   5.56   5.57  404.0   1.01
dnu[37]           3.95  1.2e-3   0.02   3.91   3.94   3.95   3.97    4.0  336.0   1.01
dnu[38]           5.65  3.8e-4 7.2e-3   5.64   5.65   5.65   5.66   5.66  356.0   1.01
dnu[39]           8.31  4.1e-4 9.1e-3    8.3   8.31   8.31   8.32   8.33  504.0    1.0
dnu[40]            6.7  2.1e-4 5.1e-3   6.69   6.69    6.7    6.7   6.71  583.0   1.01
dnu[41]           4.73  4.0e-4 7.9e-3   4.72   4.73   4.73   4.74   4.75  386.0   1.01
dnu[42]           4.86  2.7e-4 6.1e-3   4.84   4.85   4.86   4.86   4.87  529.0   1.01
dnu[43]           5.35  9.5e-4 6.4e-3   5.34   5.35   5.35   5.36   5.37   46.0    1.1
dnu[44]           7.95  4.6e-4 9.3e-3   7.93   7.94   7.95   7.95   7.97  408.0   1.01
dnu[45]           5.21  3.4e-4 7.5e-3   5.19    5.2   5.21   5.21   5.22  474.0    1.0
dnu[46]           8.33  3.4e-4 8.4e-3   8.31   8.32   8.33   8.33   8.35  614.0   1.01
dnu[47]           5.05  3.4e-4 7.3e-3   5.04   5.05   5.05   5.06   5.07  467.0   1.01
dnu[48]           5.67  3.9e-4 7.6e-3   5.66   5.67   5.67   5.68   5.69  377.0   1.01
dnu[49]           5.03  3.2e-4 7.5e-3   5.01   5.02   5.03   5.03   5.04  536.0   1.01
dnu[50]           5.48  4.7e-4 9.4e-3   5.46   5.47   5.48   5.49    5.5  394.0    1.0
dnu[51]           9.22  3.9e-4 8.7e-3    9.2   9.21   9.22   9.23   9.24  486.0   1.01
dnu[52]           5.67  8.9e-4   0.02   5.64   5.66   5.67   5.68    5.7  357.0   1.02
dnu[53]            5.3  3.9e-4 8.1e-3   5.28   5.29    5.3   5.31   5.32  426.0   1.01
dnu[54]           5.28  4.4e-4 8.1e-3   5.27   5.28   5.28   5.29    5.3  344.0   1.01
dnu[55]           6.42  4.9e-4 9.9e-3    6.4   6.41   6.42   6.42   6.44  403.0   1.02
dnu[56]           6.61  3.0e-4 7.0e-3    6.6   6.61   6.61   6.62   6.62  529.0   1.01
dnu[57]           6.05  5.5e-4   0.01   6.02   6.04   6.05   6.05   6.06  353.0   1.01
dnu[58]           5.78  4.9e-4 8.6e-3   5.76   5.78   5.78   5.79    5.8  313.0   1.02
dnu[59]           6.05  3.9e-4 7.7e-3   6.03   6.04   6.05   6.05   6.06  376.0   1.01
dnu[60]           5.42  3.6e-4 8.4e-3    5.4   5.41   5.42   5.42   5.43  549.0    1.0
dnu[61]           4.65  2.8e-4 7.1e-3   4.63   4.64   4.65   4.65   4.66  638.0   1.01
dnu[62]           5.41  5.8e-4   0.01   5.39    5.4   5.41   5.42   5.43  386.0    1.0
dnu[63]           6.01  4.8e-4 7.4e-3   5.99    6.0   6.01   6.01   6.02  236.0   1.04
dnu[64]           4.63  3.7e-4 8.8e-3   4.61   4.62   4.63   4.64   4.65  563.0   1.01
dnu[65]            8.3  3.0e-4 6.6e-3   8.29   8.29    8.3    8.3   8.31  479.0   1.01
dnu[66]           5.28  5.1e-4 8.1e-3   5.27   5.28   5.28   5.29    5.3  255.0   1.02
dnu[67]           4.75  3.0e-4 6.7e-3   4.73   4.74   4.75   4.75   4.76  510.0   1.01
dnu[68]           5.66  3.2e-4 6.6e-3   5.65   5.66   5.66   5.67   5.67  426.0   1.01
dnu[69]            5.2  2.9e-4 6.1e-3   5.19    5.2    5.2    5.2   5.21  453.0   1.01
dnu[70]           6.36  3.5e-4 7.4e-3   6.34   6.35   6.36   6.36   6.37  448.0   1.01
dnu[71]            4.9  4.3e-4 8.1e-3   4.89    4.9    4.9   4.91   4.92  353.0   1.01
dnu[72]           5.97  2.9e-4 6.2e-3   5.96   5.97   5.97   5.98   5.98  451.0    1.0
dnu[73]           4.77  3.3e-4 7.8e-3   4.76   4.77   4.77   4.78   4.79  551.0   1.01
dnu[74]           4.76  4.0e-4 9.0e-3   4.74   4.75   4.76   4.76   4.77  501.0    1.0
dnu[75]           6.36  3.7e-4 7.6e-3   6.34   6.35   6.36   6.36   6.37  413.0   1.01
dnu[76]           4.73  4.6e-4 7.4e-3   4.72   4.73   4.73   4.74   4.75  255.0   1.02
dnu[77]           3.95  1.4e-3   0.02   3.91   3.94   3.95   3.97    4.0  231.0   1.02
dnu[78]           5.52  6.8e-4   0.01    5.5   5.51   5.52   5.53   5.55  365.0    1.0
dnu[79]           5.11  3.7e-4 8.4e-3   5.09   5.11   5.11   5.12   5.13  512.0    1.0
dnu[80]            6.5  3.7e-4 8.1e-3   6.48   6.49    6.5    6.5   6.51  484.0   1.01
numax[1]        101.97    0.03    0.6  100.8 101.58 101.97 102.37 103.12  428.0   1.01
numax[2]         47.81    0.02   0.34  47.14  47.58  47.81  48.04   48.5  369.0   1.01
numax[3]         57.26  9.2e-3   0.25  56.78  57.09  57.26  57.43  57.75  730.0    1.0
numax[4]         61.98    0.04   0.73  60.55  61.49  61.97  62.46  63.45  432.0   1.01
numax[5]          52.5  8.2e-3    0.2  52.12  52.37   52.5  52.64  52.88  581.0   1.01
numax[6]         49.26  5.6e-3   0.15  48.97  49.16  49.27  49.37  49.56  739.0   1.01
numax[7]         51.06    0.01    0.4  50.29  50.79  51.06  51.34  51.85  751.0    1.0
numax[8]         53.35  8.0e-3   0.23   52.9  53.19  53.35  53.51   53.8  832.0    1.0
numax[9]         47.22    0.01    0.3  46.63  47.01  47.22  47.43  47.81  767.0    1.0
numax[10]        67.81    0.02   0.43  66.96  67.51  67.81   68.1  68.66  655.0    1.0
numax[11]         67.2    0.02    0.5  66.21  66.86  67.19  67.54  68.19  755.0   1.01
numax[12]        56.26    0.01   0.23   55.8  56.11  56.27  56.42  56.71  441.0   1.01
numax[13]        57.43    0.01   0.33  56.78  57.21  57.43  57.65  58.05  476.0    1.0
numax[14]        47.49    0.01   0.27  46.95  47.31  47.49  47.68  48.02  624.0   1.01
numax[15]       103.33    0.01   0.34 102.66  103.1 103.33 103.56 103.99  754.0   1.01
numax[16]        69.77    0.02   0.42  68.97  69.48  69.77  70.04  70.62  672.0    1.0
numax[17]        54.14    0.02    0.4  53.35  53.87  54.14  54.41  54.94  644.0    1.0
numax[18]         98.5    0.03   0.68  97.14  98.05   98.5  98.95  99.86  527.0   1.01
numax[19]         70.8    0.01   0.34  70.12  70.56  70.79  71.03  71.47  585.0    1.0
numax[20]        64.85    0.02    0.4  64.08  64.58  64.84  65.12  65.65  448.0   1.01
numax[21]        49.09    0.02   0.35  48.41  48.85  49.09  49.33  49.77  430.0   1.02
numax[22]        53.47    0.01    0.3   52.9  53.26  53.46  53.66  54.04  565.0   1.01
numax[23]        53.78    0.01   0.26  53.26   53.6  53.78  53.96  54.28  667.0    1.0
numax[24]        62.28    0.01   0.25  61.78  62.13  62.29  62.45  62.75  578.0   1.01
numax[25]        50.88    0.01   0.27  50.35  50.69  50.88  51.06  51.43  713.0    1.0
numax[26]        78.72    0.02   0.44   77.9  78.41  78.71  79.01  79.58  554.0    1.0
numax[27]        60.26    0.02   0.33  59.61  60.03  60.26  60.48  60.89  405.0   1.02
numax[28]        47.37    0.02   0.43  46.54  47.08  47.37  47.66  48.19  481.0   1.01
numax[29]        64.69    0.02   0.36   64.0  64.45  64.68  64.93   65.4  499.0   1.01
numax[30]        65.09    0.01   0.26  64.58  64.92  65.09  65.26   65.6  616.0    1.0
numax[31]        45.63    0.01    0.3  45.04  45.42  45.63  45.83  46.24  621.0   1.01
numax[32]         52.4    0.01    0.3  51.81  52.19   52.4   52.6   53.0  515.0   1.01
numax[33]        45.04    0.02   0.39  44.29  44.77  45.04   45.3  45.84  580.0   1.01
numax[34]        65.08    0.01   0.26  64.58   64.9  65.08  65.25  65.59  585.0    1.0
numax[35]        89.48    0.02   0.44  88.59  89.18  89.48  89.77  90.36  440.0    1.0
numax[36]        54.95    0.01   0.32  54.33  54.74  54.95  55.15  55.58  511.0   1.01
numax[37]        44.65  9.7e-3   0.22  44.16  44.51  44.67  44.82  45.01  518.0   1.01
numax[38]        55.91    0.02   0.33  55.25  55.69  55.91  56.13  56.53  476.0   1.01
numax[39]       104.93    0.03   0.59 103.78 104.54 104.93 105.33 106.09  460.0    1.0
numax[40]        65.03  9.2e-3   0.21   64.6  64.89  65.03  65.17  65.43  520.0   1.02
numax[41]        47.44    0.03   0.48  46.52  47.11  47.43  47.77  48.39  290.0   1.01
numax[42]        45.07  8.1e-3   0.22  44.63  44.92  45.07  45.21   45.5  731.0   1.01
numax[43]        55.97    0.01   0.32  55.32  55.76  55.97  56.19  56.61  583.0    1.0
numax[44]         99.9    0.03   0.63   98.7  99.46   99.9 100.33 101.15  430.0   1.01
numax[45]        48.73    0.01   0.24  48.25  48.56  48.73   48.9  49.19  491.0    1.0
numax[46]        91.68    0.01    0.3  91.09  91.48  91.68  91.88  92.26  605.0    1.0
numax[47]        47.83    0.02   0.34  47.18  47.61  47.82  48.04  48.51  437.0   1.01
numax[48]        60.37    0.02    0.4  59.62   60.1  60.38  60.64  61.14  384.0   1.01
numax[49]         55.0    0.02   0.44  54.15  54.69  54.99   55.3  55.89  590.0   1.01
numax[50]        57.19    0.02   0.39  56.41  56.92  57.19  57.45  57.96  406.0   1.01
numax[51]       104.07  9.8e-3   0.24  103.6 103.91 104.06 104.23 104.54  591.0    1.0
numax[52]        61.99    0.04   0.73  60.54  61.52  61.99  62.46  63.45  378.0   1.02
numax[53]        55.52    0.02   0.39  54.75  55.26  55.52  55.79   56.3  403.0   1.01
numax[54]         50.5  7.8e-3   0.21  50.11  50.36   50.5  50.64  50.92  722.0    1.0
numax[55]        76.52    0.02   0.45  75.65  76.21  76.52  76.82   77.4  423.0   1.03
numax[56]        73.04    0.01   0.28  72.49  72.84  73.04  73.23   73.6  631.0   1.01
numax[57]        61.07    0.01    0.3  60.49  60.87  61.07  61.27  61.66  592.0   1.02
numax[58]        57.61    0.02   0.32  56.98  57.39   57.6  57.82  58.25  354.0   1.02
numax[59]        61.98    0.01   0.31  61.38  61.77  61.98  62.19  62.59  474.0   1.01
numax[60]        61.62    0.01   0.37  60.88  61.37  61.62  61.87  62.34  699.0    1.0
numax[61]         52.5    0.02   0.58  51.39   52.1   52.5   52.9  53.64  696.0    1.0
numax[62]        60.15    0.02   0.42  59.32  59.86  60.15  60.44  60.97  451.0    1.0
numax[63]        64.32    0.01    0.3  63.73  64.11  64.32  64.52  64.91  770.0    1.0
numax[64]        51.02    0.01    0.3  50.42  50.82  51.02  51.23  51.61  695.0    1.0
numax[65]       103.15    0.02   0.46 102.27 102.84 103.15 103.47 104.04  667.0   1.01
numax[66]        50.49  7.7e-3    0.2   50.1  50.35  50.49  50.63   50.9  697.0   1.01
numax[67]        47.49    0.01   0.27  46.95  47.31  47.49  47.68  48.02  438.0   1.01
numax[68]        56.64  8.3e-3    0.2  56.24   56.5  56.64  56.77  57.03  596.0   1.01
numax[69]         52.4    0.01    0.3  51.82  52.19  52.39   52.6  52.99  532.0   1.01
numax[70]        81.46    0.04   0.81  79.87   80.9  81.47  82.01  83.02  436.0   1.01
numax[71]        47.61    0.01   0.31  47.01   47.4  47.61  47.83  48.22  460.0   1.01
numax[72]         61.5    0.01    0.3   60.9  61.29   61.5  61.71  62.09  482.0   1.01
numax[73]        52.84    0.02   0.44  52.02  52.54  52.83  53.14  53.72  499.0   1.01
numax[74]        46.74    0.01   0.32  46.12  46.52  46.74  46.95  47.35  563.0   1.01
numax[75]        81.48    0.04   0.83  79.89   80.9  81.46  82.05  83.11  409.0   1.01
numax[76]        47.08    0.02   0.32  46.45  46.86  47.08   47.3  47.72  287.0   1.02
numax[77]        44.65    0.01   0.23  44.13  44.52  44.68  44.81  45.02  403.0   1.02
numax[78]        60.15    0.03   0.63  58.92  59.73  60.15  60.58  61.37  406.0    1.0
numax[79]         56.0    0.01   0.32  55.38  55.78   56.0  56.21  56.62  573.0   1.01
numax[80]        70.82    0.01   0.35  70.14  70.59  70.82  71.06  71.52  570.0   1.01
phi[1]            1.07  9.1e-3    0.2   0.68   0.94   1.07   1.21   1.45  459.0    1.0
phi[2]            1.71    0.01   0.23   1.27   1.56   1.71   1.85   2.16  379.0   1.01
phi[3]            2.24    0.24   0.66   1.56   1.86   2.03   2.25   4.03    8.0   1.39
phi[4]            0.21    1.93   2.75  -4.92  -1.68   1.63   1.91   2.44    2.0   8.49
phi[5]            1.36  7.9e-3   0.17   1.03   1.26   1.36   1.47    1.7  442.0   1.01
phi[6]            1.73    0.05   0.61   0.78   1.33   1.62   2.02   3.19  178.0   1.03
phi[7]           -0.74    0.96   1.38  -3.41  -1.71  -0.06   0.16    0.5    2.0   5.75
phi[8]            2.15    0.08   0.68   0.62   2.09   2.31   2.46   2.89   77.0   1.06
phi[9]            0.77    0.02   0.38   0.07    0.5   0.75   1.03   1.54  623.0    1.0
phi[10]          -0.53    0.38   3.58   -6.1  -3.09  -0.04   2.79   6.15   91.0   1.07
phi[11]          -1.05    0.58   3.48  -5.97  -4.39  -1.46   1.76   5.15   36.0   1.16
phi[12]           2.12    0.01   0.19   1.76   1.99   2.12   2.25    2.5  312.0   1.02
phi[13]            1.5    0.01   0.23   1.05   1.35    1.5   1.65   1.94  425.0    1.0
phi[14]           1.39  9.9e-3   0.29   0.81    1.2    1.4   1.59   1.95  842.0   1.01
phi[15]           0.56    0.96   1.36  -1.97  -0.28   1.28   1.41   1.61    2.0   9.98
phi[16]           2.75    0.96   1.38   1.53   1.87   2.07   3.58   5.43    2.0   5.98
phi[17]          -0.33    2.25   3.36  -5.81  -2.58   0.56   2.21   4.49    2.0   3.41
phi[18]           0.72    0.97    1.4  -2.05  -0.12   1.38   1.64   2.06    2.0   4.99
phi[19]           2.48    0.01   0.24   1.99   2.32   2.49   2.65    2.9  406.0   1.02
phi[20]           1.66    0.01   0.24   1.22    1.5   1.65   1.81   2.14  393.0   1.01
phi[21]           0.63  8.8e-3   0.19   0.27    0.5   0.62   0.75   0.99  452.0   1.02
phi[22]            1.5    0.01   0.28   0.96   1.31   1.49   1.68   2.05  684.0   1.01
phi[23]            1.7    0.01   0.25   1.24   1.53   1.69   1.86   2.22  448.0   1.02
phi[24]            2.5  8.0e-3   0.17   2.14    2.4   2.51   2.62    2.8  433.0   1.02
phi[25]           2.02  9.8e-3   0.23   1.61   1.86   2.01   2.17    2.5  564.0    1.0
phi[26]           1.43    0.01   0.24   0.92   1.27   1.43   1.59   1.88  416.0   1.01
phi[27]            1.6  7.8e-3   0.15    1.3   1.49   1.59    1.7    1.9  388.0   1.01
phi[28]          -0.23    0.01   0.31  -0.79  -0.43  -0.24  -0.03   0.41  507.0   1.01
phi[29]           0.73    0.02    0.3   0.24   0.52   0.69   0.89   1.47  265.0   1.01
phi[30]            2.3    0.02   0.32   1.68   2.07   2.29   2.53   2.91  307.0   1.02
phi[31]           1.14    0.96   1.38  -0.04   0.26   0.46   2.01    3.8    2.0   6.63
phi[32]           1.61    0.14   0.34   0.86    1.4   1.64   1.84    2.2    6.0   1.27
phi[33]          -0.02    0.04   0.49  -0.76  -0.35  -0.12    0.2   1.16  168.0   1.02
phi[34]            2.3    0.02   0.33   1.68   2.06    2.3   2.55   2.91  363.0   1.01
phi[35]           0.96  6.2e-3   0.16   0.66   0.86   0.97   1.07   1.26  631.0   1.01
phi[36]           1.59    0.01   0.22   1.16   1.44   1.59   1.74   2.02  381.0   1.01
phi[37]            6.2  2.7e-3   0.06   6.05   6.16   6.21   6.25   6.28  550.0    1.0
phi[38]           2.32    0.02   0.26   1.67   2.19   2.35   2.49   2.73  171.0   1.01
phi[39]           1.45  9.2e-3   0.23   1.02    1.3   1.45   1.61   1.93  643.0   1.01
phi[40]           2.16  7.0e-3   0.14   1.89   2.06   2.16   2.26   2.46  428.0   1.01
phi[41]           0.08    0.01   0.26  -0.41   -0.1   0.07   0.25   0.59  322.0   1.01
phi[42]           1.57    0.01   0.25   1.06   1.41   1.58   1.73   2.05  304.0   1.01
phi[43]           0.88    0.14   0.51   0.32   0.54   0.69   0.98   2.07   12.0   1.46
phi[44]          -0.03    1.93   2.73  -5.04  -1.83   1.46   1.63   1.94    2.0  13.91
phi[45]           1.51    0.01    0.2   1.08   1.37   1.52   1.64   1.88  318.0    1.0
phi[46]           2.38  9.6e-3   0.18   2.02   2.27   2.39    2.5   2.68  339.0   1.01
phi[47]           1.71    0.01   0.23   1.28   1.56   1.71   1.86   2.17  419.0   1.01
phi[48]           1.92    0.01   0.23   1.47   1.76   1.92   2.08   2.38  421.0   1.01
phi[49]           0.49    0.01   0.26-5.9e-3   0.32   0.49   0.66   1.05  538.0   1.01
phi[50]           0.86    0.01   0.23   0.43   0.71   0.86   1.01   1.32  407.0   1.01
phi[51]           2.08  5.2e-3   0.13   1.86    2.0   2.08   2.16   2.35  587.0    1.0
phi[52]           -0.6    1.83   2.61  -4.91  -2.93   0.13   1.76   2.22    2.0   8.78
phi[53]           0.96    0.01   0.21   0.52   0.81   0.96    1.1   1.36  385.0   1.01
phi[54]           1.59    0.01    0.2   1.23   1.44   1.57   1.72   2.01  315.0   1.01
phi[55]           0.97  9.5e-3   0.22   0.54   0.82   0.96   1.12    1.4  530.0   1.01
phi[56]           1.22    0.96   1.37  -1.34   0.28   1.93   2.08   2.31    2.0   8.97
phi[57]           1.05  8.3e-3    0.2   0.68   0.91   1.04   1.18   1.46  562.0   1.01
phi[58]           1.67  9.3e-3   0.17   1.36   1.55   1.66   1.78   2.03  334.0   1.02
phi[59]           0.51    1.85   2.73  -5.78    0.3   1.81   2.12   3.02    2.0   3.75
phi[60]           0.11  9.0e-3   0.24  -0.36  -0.05    0.1   0.27   0.59  725.0    1.0
phi[61]          -0.42    0.01   0.34  -1.12  -0.64  -0.41  -0.19   0.23  608.0   1.01
phi[62]           0.11    0.01   0.23  -0.34  -0.04   0.11   0.27   0.57  530.0    1.0
phi[63]           0.31    0.94   2.94  -5.05  -2.02   0.65   2.43   5.72   10.0   1.79
phi[64]           0.08    0.01   0.27  -0.46   -0.1    0.1   0.27   0.59  452.0   1.01
phi[65]           1.76  6.5e-3   0.17   1.43   1.65   1.76   1.88    2.1  664.0   1.01
phi[66]           1.58    0.01   0.21    1.2   1.43   1.56   1.72   2.04  319.0   1.01
phi[67]           1.88    0.51   1.16   0.83   1.27   1.48   1.73   4.84    5.0    2.3
phi[68]           1.17  5.0e-3   0.13   0.91   1.09   1.17   1.26   1.41  647.0    1.0
phi[69]           1.72    0.01   0.26   1.19   1.55   1.73    1.9    2.2  509.0   1.02
phi[70]           1.61    0.01   0.29   1.05   1.42   1.61   1.81   2.19  486.0   1.01
phi[71]           2.02    0.03   0.36   1.37   1.73   2.06    2.3   2.65  138.0   1.02
phi[72]           1.82  9.4e-3   0.24   1.35   1.66   1.82   1.98    2.3  658.0    1.0
phi[73]           0.21  9.9e-3   0.22  -0.21   0.05    0.2   0.36   0.65  508.0   1.01
phi[74]           0.36    0.01   0.24  -0.11    0.2   0.36   0.52   0.84  557.0   1.01
phi[75]           1.62    0.01   0.31   1.05   1.41   1.61   1.82   2.24  428.0   1.01
phi[76]           1.92    0.02   0.32   1.14   1.77   1.96   2.13   2.42  370.0   1.01
phi[77]           6.19  3.4e-3   0.07   6.04   6.16   6.21   6.25   6.28  380.0   1.01
phi[78]           1.11    0.03   0.49   0.22   0.77   1.09   1.45   2.08  324.0   1.02
phi[79]          -1.13    1.58   2.97  -5.65   -5.1   0.87   1.13   1.44    4.0   2.88
phi[80]           2.49    0.01   0.24   2.01   2.33   2.51   2.66   2.93  543.0   1.01
G[1]              3.71  8.1e-3   0.22   3.35   3.56   3.69   3.84   4.22  727.0    1.0
G[2]              2.28  4.9e-3   0.11    2.1    2.2   2.28   2.36    2.5  498.0   1.01
G[3]              2.24    0.07   0.21   1.74   2.17   2.29   2.38   2.53    9.0   1.28
G[4]               4.0    0.03   0.44   3.16   3.75    4.0   4.27   4.82  165.0   1.03
G[5]              2.38  5.7e-3   0.13   2.12    2.3   2.39   2.47   2.62  492.0   1.01
G[6]              2.25    0.02   0.31   1.73   2.03   2.22   2.44    2.9  290.0   1.01
G[7]              3.64  9.7e-3   0.29   3.11   3.45   3.63   3.83   4.24  876.0    1.0
G[8]              2.54    0.07   0.64   2.06   2.17   2.27   2.51   4.29   87.0   1.05
G[9]              3.13    0.01   0.36   2.55   2.86   3.09   3.36   3.92  791.0    1.0
G[10]             3.01    0.03   0.62    1.6   2.63   3.11   3.43   4.08  449.0   1.01
G[11]             3.32    0.04   0.72   1.97   2.79   3.33   3.83   4.71  271.0   1.02
G[12]             2.44    0.01   0.18   2.11   2.31   2.44   2.56   2.81  297.0   1.01
G[13]              2.8  5.4e-3   0.13   2.57   2.71   2.79   2.88   3.09  603.0    1.0
G[14]             3.27    0.02   0.39   2.66   2.98   3.21   3.49   4.18  541.0    1.0
G[15]             3.68    0.01   0.25   3.23   3.51   3.66   3.82   4.25  533.0   1.01
G[16]             3.26    0.01   0.31   2.73   3.04   3.23   3.45   3.95  805.0   1.01
G[17]             2.65    0.12   0.57   1.63   2.33   2.58   2.91   4.05   23.0   1.22
G[18]             3.91    0.01   0.34   3.37   3.66   3.87   4.12   4.66  632.0    1.0
G[19]             2.68    0.01   0.24   2.24   2.51   2.67   2.84   3.15  300.0   1.02
G[20]             2.81  6.1e-3   0.19   2.46   2.68    2.8   2.93   3.22 1008.0    1.0
G[21]             3.54    0.01   0.23   3.18   3.38   3.51   3.66   4.08  511.0   1.01
G[22]             3.16    0.01   0.34   2.61   2.92   3.11   3.35   3.93  614.0   1.01
G[23]             2.27  7.5e-3   0.13   2.06   2.17   2.25   2.36   2.55  310.0   1.03
G[24]             2.49    0.01   0.23   2.16   2.32   2.46   2.62   3.01  394.0   1.01
G[25]             3.21    0.02   0.46   2.27   2.91   3.21   3.51   4.13  339.0   1.01
G[26]             3.39    0.01   0.26   2.99   3.21   3.35   3.53   4.01  384.0   1.01
G[27]             3.61  9.2e-3   0.22   3.21   3.46    3.6   3.75    4.1  576.0   1.01
G[28]             3.09    0.01   0.28   2.62   2.89   3.06   3.24   3.73  596.0   1.01
G[29]             3.42    0.02   0.31   2.78   3.22   3.42   3.62   4.03  341.0   1.01
G[30]             2.91    0.02   0.42   2.23   2.61   2.87   3.15   3.89  285.0   1.02
G[31]             2.86  6.2e-3   0.17   2.54   2.75   2.86   2.97    3.2  719.0   1.01
G[32]             2.45    0.34    0.5   1.55   2.02   2.66   2.77   3.03    2.0   4.07
G[33]              3.7    0.05   0.67   2.38    3.4   3.83   4.14    4.8  150.0   1.03
G[34]             2.91    0.02   0.45   2.19   2.58   2.86   3.17   3.92  333.0   1.01
G[35]             4.19    0.01   0.29   3.67   3.98   4.16   4.37   4.83  624.0   1.01
G[36]             2.74  7.5e-3   0.17   2.45   2.63   2.73   2.85    3.1  505.0   1.01
G[37]             4.92  3.7e-3   0.07   4.79   4.88   4.92   4.97   5.06  332.0   1.01
G[38]             2.44    0.03   0.28   2.13   2.25   2.38   2.54   3.11  105.0   1.03
G[39]             3.61  8.8e-3   0.23    3.2   3.45   3.59   3.75   4.12  688.0    1.0
G[40]             2.24  4.8e-3    0.1   2.09   2.17   2.23    2.3   2.46  421.0   1.01
G[41]             2.94  3.4e-3   0.09   2.76   2.88   2.94    3.0   3.12  738.0    1.0
G[42]             2.49  8.6e-3   0.18   2.15   2.37   2.49    2.6   2.84  424.0    1.0
G[43]             2.94    0.12    0.4   2.11   2.93   3.11    3.2   3.35   11.0   1.55
G[44]             3.62  6.7e-3   0.18   3.31   3.49    3.6   3.73   4.02  710.0   1.01
G[45]             2.62    0.01   0.26   2.19   2.44    2.6   2.78   3.19  300.0   1.01
G[46]             2.68    0.02   0.33   2.16   2.43   2.64   2.88   3.41  308.0   1.01
G[47]             2.28  5.0e-3   0.11   2.09   2.19   2.27   2.36   2.51  499.0   1.01
G[48]             2.42  5.0e-3   0.11   2.21   2.35   2.42   2.49   2.65  490.0   1.01
G[49]             3.37  9.8e-3   0.25   2.94    3.2   3.35   3.52   3.94  667.0   1.01
G[50]             2.91    0.02   0.35   2.36   2.67   2.85   3.08    3.8  251.0   1.03
G[51]             3.77    0.02   0.35   3.19   3.52   3.73   3.99   4.55  363.0   1.01
G[52]             4.02    0.01   0.37   3.34   3.77    4.0   4.26    4.8  688.0   1.01
G[53]             3.45  7.3e-3   0.15   3.18   3.34   3.43   3.54   3.79  445.0   1.01
G[54]             3.03    0.04   0.57   2.15   2.51   3.06   3.45   4.12  207.0   1.02
G[55]             3.02  3.7e-3    0.1   2.83   2.95   3.01   3.08   3.23  768.0    1.0
G[56]             3.04  4.8e-3   0.13   2.81   2.95   3.04   3.13   3.32  742.0   1.01
G[57]             3.27    0.01   0.29   2.79   3.08   3.24   3.44   3.95  489.0   1.01
G[58]             3.51    0.02   0.36   2.92   3.25   3.47   3.72   4.32  440.0    1.0
G[59]             3.12    0.03   0.45   2.21   2.83   3.09   3.39   4.09  275.0   1.01
G[60]             4.22    0.01    0.3   3.71   4.02   4.19   4.39   4.89  646.0    1.0
G[61]             3.98  9.0e-3   0.29   3.46   3.78   3.96   4.15   4.61 1036.0    1.0
G[62]              2.6  6.6e-3   0.15   2.29   2.49    2.6   2.71   2.89  552.0   1.01
G[63]             2.36    0.15   0.51   1.84   1.99   2.08    2.9   3.31   12.0   1.38
G[64]             2.88  8.1e-3   0.18   2.47   2.77    2.9   3.01   3.21  523.0   1.01
G[65]             2.93  3.2e-3   0.09   2.77   2.87   2.93   2.99   3.11  734.0   1.01
G[66]             3.02    0.04   0.56   2.12   2.49   3.06   3.44   4.06  219.0   1.01
G[67]             3.24    0.01   0.38   2.65   2.98    3.2   3.46   4.12  853.0    1.0
G[68]             4.29    0.02   0.38   3.61   4.02   4.26   4.53    5.1  484.0   1.01
G[69]             2.73  7.2e-3   0.15   2.47   2.62   2.71   2.81   3.07  466.0   1.02
G[70]             3.38  5.0e-3   0.13   3.15   3.29   3.37   3.46   3.68  718.0   1.01
G[71]             2.78    0.06   0.61   2.14   2.29   2.49   3.27   4.11  112.0   1.03
G[72]              2.6  4.6e-3   0.12   2.38   2.51   2.59   2.68   2.86  705.0   1.01
G[73]             3.08  3.6e-3    0.1   2.89   3.02   3.08   3.15   3.29  784.0    1.0
G[74]             3.28  8.0e-3    0.2   2.92   3.14   3.26    3.4   3.73  653.0   1.01
G[75]             3.37  5.2e-3   0.13   3.13   3.28   3.36   3.45   3.64  638.0    1.0
G[76]             3.06    0.02   0.29    2.7   2.88   2.99   3.15   3.93  353.0   1.01
G[77]             4.92  4.3e-3   0.07   4.78   4.87   4.92   4.96   5.05  253.0   1.03
G[78]             3.62    0.03   0.55    2.7   3.19   3.59    4.0   4.75  322.0   1.02
G[79]              4.0    0.02    0.4   3.32   3.73   3.97   4.24   4.85  575.0    1.0
G[80]             2.69    0.01   0.22    2.3   2.52   2.67   2.83   3.18  444.0   1.01
epsilon_std[1]    0.15    0.04   0.22  -0.29 3.0e-3   0.16    0.3   0.57   41.0   1.06
epsilon_std[2]   -0.36    0.02   0.13  -0.62  -0.44  -0.35  -0.27   -0.1   59.0   1.09
epsilon_std[3]    0.02    0.02   0.12  -0.22  -0.06   0.03    0.1   0.25   38.0   1.09
epsilon_std[4]    5.09    0.04   0.46   4.24   4.77   5.06   5.39   6.05  166.0   1.01
epsilon_std[5]  5.9e-3    0.02   0.12  -0.24  -0.08 4.7e-3   0.09   0.25   51.0   1.08
epsilon_std[6]   -0.18    0.02   0.12  -0.41  -0.25  -0.18   -0.1   0.06   39.0    1.1
epsilon_std[7]   -0.47    0.02   0.16  -0.77  -0.57  -0.47  -0.37  -0.16   84.0   1.06
epsilon_std[8]    0.01    0.02   0.13  -0.23  -0.08 6.1e-3    0.1   0.27   48.0   1.09
epsilon_std[9]   -0.99    0.02   0.17  -1.31   -1.1  -0.99  -0.88  -0.63   75.0   1.06
epsilon_std[10]  -0.14    0.02   0.14  -0.42  -0.24  -0.14  -0.04   0.13   68.0   1.04
epsilon_std[11]  -1.25    0.02   0.34  -1.86  -1.47  -1.26  -1.05  -0.51  250.0   1.01
epsilon_std[12]  -0.11    0.02   0.12  -0.36  -0.18  -0.11  -0.03   0.11   42.0   1.07
epsilon_std[13]   0.12    0.02   0.12  -0.13   0.04   0.12    0.2   0.34   40.0   1.09
epsilon_std[14]  -0.66    0.02   0.16  -0.98  -0.77  -0.66  -0.56  -0.35   49.0   1.11
epsilon_std[15]   0.07    0.04   0.23   -0.4  -0.08   0.07   0.23   0.52   42.0   1.06
epsilon_std[16]   0.03    0.02   0.18  -0.32  -0.09   0.03   0.16   0.37   61.0   1.04
epsilon_std[17]  -0.45    0.02   0.18   -0.8  -0.57  -0.45  -0.33  -0.07   78.0   1.07
epsilon_std[18]  -0.39    0.03   0.21  -0.83  -0.53  -0.38  -0.25   0.02   47.0   1.06
epsilon_std[19]  -0.29    0.02   0.16  -0.61  -0.39  -0.28  -0.18-4.1e-3   47.0   1.06
epsilon_std[20]   0.03    0.02   0.14  -0.26  -0.07   0.03   0.12    0.3   48.0   1.08
epsilon_std[21]  -0.08    0.02   0.14  -0.34  -0.17  -0.08   0.01   0.22   35.0   1.12
epsilon_std[22]  -0.38    0.02   0.14  -0.67  -0.47  -0.37  -0.28   -0.1   71.0   1.06
epsilon_std[23]   0.04    0.02   0.12  -0.19  -0.04   0.03   0.12   0.27   45.0   1.09
epsilon_std[24]  -0.16    0.02   0.13  -0.43  -0.24  -0.15  -0.06   0.09   39.0   1.07
epsilon_std[25]  -0.39    0.02   0.14  -0.68  -0.49  -0.39  -0.29  -0.12   71.0   1.07
epsilon_std[26]  -0.22    0.02   0.17  -0.57  -0.33  -0.22  -0.11   0.12   51.0   1.05
epsilon_std[27]  -0.06    0.02   0.14  -0.35  -0.15  -0.06   0.04    0.2   46.0   1.05
epsilon_std[28]  -0.32    0.02   0.17  -0.65  -0.43  -0.32   -0.2   0.02   83.0   1.05
epsilon_std[29]   -0.4    0.02   0.13  -0.68  -0.48  -0.39   -0.3  -0.14   56.0   1.05
epsilon_std[30]   0.05    0.02   0.14  -0.23  -0.04   0.06   0.15   0.33   50.0   1.04
epsilon_std[31]  -0.91    0.02   0.18  -1.28  -1.03  -0.91  -0.79  -0.55   81.0   1.06
epsilon_std[32]  -0.12    0.02   0.12  -0.35   -0.2  -0.12  -0.04   0.14   39.0   1.12
epsilon_std[33]  -0.43    0.02   0.17  -0.73  -0.55  -0.44  -0.32  -0.07   62.0   1.08
epsilon_std[34]   0.05    0.02   0.15  -0.28  -0.04   0.06   0.15   0.32   43.0   1.06
epsilon_std[35]  -0.06    0.03   0.18  -0.45  -0.18  -0.06   0.05    0.3   39.0   1.06
epsilon_std[36]  -0.08    0.02   0.12  -0.32  -0.15  -0.07 6.8e-4   0.15   43.0   1.08
epsilon_std[37]   2.52    0.03   0.42   1.76   2.23    2.5   2.79   3.37  236.0   1.02
epsilon_std[38]  -0.02    0.02   0.12  -0.26   -0.1  -0.01   0.07   0.22   42.0   1.09
epsilon_std[39]   0.06    0.04   0.23  -0.42  -0.09   0.06   0.21   0.51   44.0   1.06
epsilon_std[40]   0.12    0.02   0.14  -0.18   0.03   0.12   0.21   0.38   35.0   1.07
epsilon_std[41]  -0.36    0.02   0.15  -0.65  -0.47  -0.36  -0.26  -0.05   51.0    1.1
epsilon_std[42]  -0.26    0.02   0.13  -0.51  -0.34  -0.26  -0.18   0.02   54.0   1.08
epsilon_std[43]   0.02    0.01   0.11  -0.19  -0.05   0.02   0.09   0.24   53.0   1.07
epsilon_std[44]-6.6e-3    0.03   0.22  -0.46  -0.14-6.8e-3   0.14   0.44   44.0   1.05
epsilon_std[45]  -0.31    0.02   0.12  -0.56   -0.4  -0.32  -0.23  -0.06   44.0   1.09
epsilon_std[46]   0.44    0.04   0.23  -0.02   0.29   0.45   0.61   0.88   44.0   1.06
epsilon_std[47]  -0.36    0.02   0.13  -0.63  -0.45  -0.36  -0.28  -0.09   56.0   1.08
epsilon_std[48] 8.1e-3    0.02   0.13  -0.24  -0.07 5.6e-3   0.09   0.26   44.0   1.09
epsilon_std[49]  -0.35    0.02   0.15  -0.63  -0.44  -0.35  -0.25  -0.06   48.0   1.09
epsilon_std[50]  -0.52    0.02   0.14   -0.8  -0.61  -0.51  -0.42  -0.24   47.0   1.08
epsilon_std[51]   0.35    0.04   0.27  -0.18   0.17   0.35   0.54   0.87   43.0   1.06
epsilon_std[52]   5.08    0.04   0.46   4.21   4.75   5.07    5.4   5.99  145.0   1.01
epsilon_std[53]  -0.33    0.02   0.14  -0.59  -0.43  -0.33  -0.24  -0.04   51.0   1.08
epsilon_std[54]  -0.09    0.02   0.13  -0.36  -0.18  -0.09-4.9e-3   0.15   44.0   1.09
epsilon_std[55]  -0.52    0.02   0.17  -0.89  -0.62   -0.5   -0.4   -0.2   50.0   1.06
epsilon_std[56]   0.18    0.02   0.14  -0.11   0.09   0.18   0.28   0.45   39.0   1.07
epsilon_std[57]   0.16    0.02   0.15  -0.11   0.06   0.16   0.26   0.46   52.0   1.05
epsilon_std[58]  -0.12    0.02   0.13  -0.37   -0.2  -0.11  -0.03   0.13   49.0   1.07
epsilon_std[59]  -0.05    0.02   0.13  -0.32  -0.13  -0.05   0.04    0.2   42.0   1.08
epsilon_std[60]  -0.68    0.02   0.15  -0.98  -0.78  -0.68  -0.58  -0.39   68.0   1.06
epsilon_std[61]   -1.0    0.02   0.18  -1.36  -1.11   -1.0  -0.88  -0.62   79.0   1.07
epsilon_std[62]   0.11    0.02   0.17  -0.22  -0.01    0.1   0.22   0.45   82.0   1.05
epsilon_std[63]  -0.15    0.02   0.13  -0.42  -0.24  -0.15  -0.07   0.09   42.0   1.08
epsilon_std[64]  -0.68    0.02   0.19  -1.07  -0.81  -0.68  -0.55  -0.32   78.0   1.08
epsilon_std[65]   0.32    0.04   0.23  -0.13   0.18   0.32   0.47   0.75   41.0   1.06
epsilon_std[66]  -0.09    0.02   0.13  -0.33  -0.17  -0.09-5.5e-3   0.16   50.0   1.09
epsilon_std[67]  -0.67    0.02   0.16  -0.98  -0.77  -0.66  -0.56  -0.36   59.0   1.07
epsilon_std[68]    0.2    0.02   0.12  -0.02   0.12    0.2   0.28   0.45   45.0   1.09
epsilon_std[69]  -0.12    0.02   0.12  -0.36   -0.2  -0.12  -0.04   0.12   44.0   1.09
epsilon_std[70]  -0.28    0.02   0.15  -0.59  -0.38  -0.27  -0.17-5.1e-3   48.0   1.07
epsilon_std[71]  -0.41    0.02   0.16  -0.73  -0.51  -0.41  -0.31  -0.11   59.0   1.09
epsilon_std[72] 3.6e-3    0.02   0.12  -0.25  -0.07   0.01   0.09   0.22   41.0   1.07
epsilon_std[73]  -0.74    0.02   0.17  -1.07  -0.85  -0.74  -0.63   -0.4   82.0   1.05
epsilon_std[74]  -0.96    0.02   0.18   -1.3  -1.07  -0.96  -0.85   -0.6   86.0   1.05
epsilon_std[75]  -0.28    0.02   0.15  -0.58  -0.39  -0.28  -0.18-4.5e-3   46.0   1.06
epsilon_std[76]  -0.58    0.02   0.15  -0.88  -0.68  -0.58  -0.47  -0.28   51.0   1.09
epsilon_std[77]    2.5    0.03   0.42   1.71    2.2   2.48   2.77   3.36  190.0   1.02
epsilon_std[78]  -0.67    0.02   0.19  -1.07  -0.79  -0.66  -0.54  -0.31  111.0   1.04
epsilon_std[79]  -0.45    0.02   0.15  -0.74  -0.55  -0.45  -0.35  -0.15   50.0   1.09
epsilon_std[80]  -0.29    0.02   0.15  -0.62  -0.39  -0.29  -0.19-9.0e-3   43.0   1.06
eps_std           0.17  1.1e-3   0.01   0.14   0.16   0.17   0.18    0.2  166.0   1.01
epsA              0.14    0.02   0.14  -0.16   0.05   0.14   0.23   0.42   48.0   1.08
epsB             -0.01    0.01   0.08  -0.18  -0.07  -0.01   0.04   0.16   47.0   1.07
alpha_std[1]     -0.18    0.03   0.14  -0.45  -0.28  -0.19  -0.09   0.11   21.0    1.2
alpha_std[2]      0.42    0.04   0.16   0.11   0.31   0.41   0.52   0.77   22.0   1.17
alpha_std[3]      0.25    0.03   0.15  -0.03   0.15   0.24   0.35   0.56   19.0   1.19
alpha_std[4]      0.83    0.03   0.25   0.34   0.66   0.82   0.99   1.34   66.0   1.07
alpha_std[5]      0.27    0.04   0.17  -0.04   0.15   0.26   0.38   0.62   23.0   1.16
alpha_std[6]      0.43    0.03   0.23   0.02   0.28   0.42   0.57   0.94   51.0   1.09
alpha_std[7]     -0.24    0.03   0.21  -0.65  -0.38  -0.24  -0.11   0.16   50.0   1.09
alpha_std[8]      0.19    0.04   0.17  -0.14   0.08   0.19    0.3   0.54   20.0    1.2
alpha_std[9]      0.13    0.03   0.26  -0.36  -0.04   0.12   0.29   0.66   67.0   1.08
alpha_std[10]    -0.19    0.03   0.18  -0.55  -0.32  -0.19  -0.07   0.17   35.0   1.11
alpha_std[11]     0.84    0.04   0.45  -0.15    0.6   0.87   1.13   1.62  159.0   1.04
alpha_std[12]     0.52    0.03   0.17   0.18    0.4   0.51   0.63   0.87   43.0    1.1
alpha_std[13]     0.33    0.03   0.15   0.05   0.23   0.32   0.42   0.64   21.0    1.2
alpha_std[14]     0.41    0.03   0.22 7.1e-3   0.26   0.39   0.55    0.9   68.0   1.06
alpha_std[15]     0.17    0.03   0.17  -0.14   0.05   0.16   0.27   0.53   33.0   1.13
alpha_std[16]    -0.06    0.03   0.21  -0.46  -0.21  -0.07   0.08   0.36   54.0   1.08
alpha_std[17]     0.31    0.02   0.26  -0.21   0.13    0.3   0.48   0.83  119.0   1.05
alpha_std[18]     -0.1    0.03   0.16  -0.41  -0.21  -0.11 1.0e-3   0.22   26.0   1.17
alpha_std[19]     0.06    0.03   0.15  -0.24  -0.05   0.05   0.15   0.38   23.0   1.17
alpha_std[20]     0.15    0.03   0.19  -0.21   0.01   0.14   0.27   0.53   39.0   1.11
alpha_std[21]    -0.01    0.03   0.16   -0.3  -0.13  -0.02   0.09   0.32   21.0   1.21
alpha_std[22]     0.32    0.03   0.22  -0.07   0.16    0.3   0.45    0.8   66.0   1.06
alpha_std[23]      0.1    0.04   0.18  -0.24  -0.02    0.1   0.22   0.48   27.0   1.16
alpha_std[24]     0.44    0.03   0.18    0.1   0.32   0.43   0.56   0.82   36.0   1.12
alpha_std[25]      0.7    0.03   0.28    0.2   0.49   0.68   0.88   1.31   68.0   1.08
alpha_std[26]    -0.09    0.03   0.15  -0.37   -0.2   -0.1 1.4e-3   0.23   25.0   1.19
alpha_std[27]     0.75    0.03   0.18   0.42   0.63   0.74   0.86   1.14   33.0   1.14
alpha_std[28]     0.24    0.04   0.24  -0.21   0.08   0.24   0.39   0.75   44.0   1.09
alpha_std[29]      0.3    0.03   0.16-8.9e-3   0.19   0.29   0.41   0.63   25.0   1.16
alpha_std[30]     0.51    0.03   0.19   0.17   0.38   0.49   0.62   0.92   42.0    1.1
alpha_std[31]     0.11    0.03   0.21  -0.29  -0.04    0.1   0.25   0.55   40.0    1.1
alpha_std[32]    -0.09    0.03   0.16  -0.39   -0.2  -0.09   0.01   0.25   26.0   1.16
alpha_std[33]    -0.15    0.03   0.22  -0.56  -0.31  -0.16  -0.02   0.29   39.0   1.12
alpha_std[34]     0.51    0.03    0.2   0.14   0.38    0.5   0.64   0.92   46.0   1.08
alpha_std[35]  -8.5e-3    0.03   0.18  -0.33  -0.13  -0.02    0.1   0.37   34.0   1.13
alpha_std[36]     0.25    0.03   0.15  -0.04   0.15   0.24   0.34   0.56   21.0    1.2
alpha_std[37]     -5.6    0.04   0.55   -6.7  -5.96   -5.6  -5.22  -4.58  167.0   1.03
alpha_std[38]     0.26    0.04   0.16  -0.03   0.15   0.25   0.35   0.62   18.0   1.24
alpha_std[39]     0.02    0.03   0.14  -0.23  -0.08   0.01   0.11   0.32   20.0   1.22
alpha_std[40]     0.38    0.03   0.15   0.11   0.27   0.37   0.47   0.69   18.0   1.21
alpha_std[41]     0.03    0.03   0.17   -0.3  -0.09   0.03   0.15   0.39   28.0   1.16
alpha_std[42]      0.2    0.03   0.19  -0.15   0.07   0.19   0.32   0.58   31.0   1.14
alpha_std[43]     0.01    0.06   0.19   -0.3  -0.12-3.0e-3   0.14   0.39    8.0   1.42
alpha_std[44]    -0.03    0.03   0.14  -0.28  -0.12  -0.04   0.06   0.26   17.0   1.25
alpha_std[45]      0.6    0.03   0.28   0.14   0.41   0.58   0.77   1.23   70.0   1.07
alpha_std[46]     0.15    0.03   0.19  -0.19   0.02   0.14   0.27   0.54   33.0   1.14
alpha_std[47]     0.42    0.03   0.17    0.1   0.31   0.42   0.53   0.76   27.0   1.16
alpha_std[48]      0.1    0.03   0.16   -0.2-7.5e-3    0.1   0.21   0.43   26.0   1.15
alpha_std[49]    -0.46    0.03   0.18   -0.8  -0.58  -0.46  -0.34  -0.08   33.0   1.13
alpha_std[50]     0.53    0.03   0.28   0.06   0.34    0.5   0.68   1.16   70.0   1.08
alpha_std[51]     0.46    0.03   0.23   0.06    0.3   0.45    0.6   0.98   47.0   1.09
alpha_std[52]     0.83    0.04   0.26   0.37   0.65   0.82    1.0   1.38   49.0   1.11
alpha_std[53]     0.21    0.03   0.15  -0.06   0.11   0.21   0.31   0.53   18.0   1.23
alpha_std[54]     0.53    0.03   0.33-9.5e-3   0.29   0.51   0.75   1.22  146.0   1.03
alpha_std[55]    -0.07    0.03   0.17  -0.39  -0.19  -0.07   0.04   0.27   29.0   1.14
alpha_std[56]    -0.09    0.03   0.15  -0.37  -0.19  -0.09 6.0e-3   0.22   20.0   1.21
alpha_std[57]     0.55    0.03    0.2   0.18   0.42   0.55   0.68   0.97   53.0   1.08
alpha_std[58]     0.91    0.03   0.27   0.42   0.71   0.89   1.07    1.5   75.0   1.05
alpha_std[59]     0.24    0.03   0.17  -0.07   0.13   0.23   0.35   0.61   31.0   1.13
alpha_std[60]    -0.29    0.03   0.18  -0.63  -0.41   -0.3  -0.18   0.07   37.0   1.12
alpha_std[61]    -0.74    0.03    0.2  -1.14  -0.87  -0.75  -0.62  -0.33   35.0   1.14
alpha_std[62]     0.37    0.04   0.23  -0.06   0.21   0.36   0.52   0.84   40.0    1.1
alpha_std[63]    -0.28    0.03   0.18  -0.61   -0.4  -0.29  -0.16   0.09   27.0   1.21
alpha_std[64]    -0.07    0.03    0.3  -0.64  -0.27  -0.08   0.12   0.53  126.0   1.04
alpha_std[65]    -0.51    0.03   0.16   -0.8  -0.62  -0.52  -0.41  -0.19   24.0    1.2
alpha_std[66]     0.52    0.03   0.33  -0.04   0.27    0.5   0.74   1.24   97.0   1.05
alpha_std[67]     0.41    0.03   0.23 2.1e-3   0.25   0.39   0.55   0.88   52.0   1.09
alpha_std[68]     0.46    0.03   0.23   0.06   0.29   0.44    0.6   0.97   85.0   1.07
alpha_std[69]    -0.09    0.04   0.17  -0.39   -0.2   -0.1   0.02   0.27   21.0   1.19
alpha_std[70]     -0.4    0.03   0.15  -0.68  -0.51  -0.41   -0.3  -0.09   24.0    1.2
alpha_std[71]     0.47    0.03    0.4  -0.09    0.2   0.38   0.67   1.43  145.0   1.02
alpha_std[72]     0.11    0.03   0.14  -0.15   0.01   0.11    0.2   0.42   17.0   1.24
alpha_std[73]    -0.33    0.03   0.21  -0.74  -0.46  -0.33  -0.19   0.09   42.0   1.11
alpha_std[74]   3.4e-3    0.03   0.21  -0.42  -0.14 4.4e-3   0.15   0.42   46.0   1.09
alpha_std[75]     -0.4    0.03   0.15  -0.68   -0.5   -0.4   -0.3  -0.07   22.0   1.21
alpha_std[76]     0.17    0.03   0.19  -0.17   0.05   0.17   0.29   0.56   29.0   1.15
alpha_std[77]    -5.63    0.03   0.56  -6.75   -6.0  -5.62  -5.25  -4.53  256.0   1.02
alpha_std[78]     0.25    0.03   0.26  -0.23   0.07   0.23   0.41   0.79   59.0   1.09
alpha_std[79]     0.37    0.03   0.26  -0.06   0.19   0.35   0.53   0.94   80.0   1.06
alpha_std[80]     0.05    0.03   0.16  -0.24  -0.06   0.05   0.15   0.38   24.0   1.18
al_std            0.01  7.4e-5 1.0e-3 8.9e-3   0.01   0.01   0.01   0.01  194.0   1.02
alA               0.02  3.9e-4 2.7e-3   0.01   0.02   0.02   0.02   0.02   47.0   1.11
alB               0.27  4.8e-3   0.07   0.13   0.22   0.27   0.32   0.41  219.0   1.02
A_std[1]          0.04    0.01   0.09  -0.14  -0.03   0.04    0.1   0.21   67.0   1.07
A_std[2]           0.4    0.02   0.29 9.2e-3   0.21   0.35   0.52   1.17  212.0   1.02
A_std[3]          0.21    0.03   0.23  -0.11   0.07   0.18   0.31   0.81   64.0   1.06
A_std[4]          0.02    0.01   0.16  -0.27  -0.08   0.01   0.11    0.3  147.0   1.04
A_std[5]          0.25    0.01   0.19  -0.03   0.14   0.23   0.33   0.72  172.0   1.03
A_std[6]          0.04    0.02   0.29  -0.29  -0.13  -0.02   0.11   0.88  170.0   1.03
A_std[7]         -0.25    0.33   0.49  -1.26  -0.58  -0.05   0.09    0.3    2.0   3.24
A_std[8]          0.13    0.03   0.39   -0.4  -0.15   0.06   0.32   1.11  229.0   1.02
A_std[9]          0.03    0.01   0.18  -0.31  -0.09   0.02   0.14   0.39  153.0   1.03
A_std[10]        -0.41    0.02   0.36  -1.05  -0.67  -0.38  -0.16   0.24  253.0   1.01
A_std[11]        -0.44    0.04   0.46  -1.35  -0.81  -0.32  -0.09   0.26  105.0   1.05
A_std[12]         0.25    0.03   0.33  -0.08   0.08   0.18    0.3    1.2  103.0   1.02
A_std[13]         0.12    0.01   0.12   -0.1   0.04   0.12    0.2   0.35   66.0   1.06
A_std[14]        -0.23    0.02   0.13  -0.49  -0.32  -0.23  -0.14   0.01   41.0    1.1
A_std[15]        -0.08    0.31   0.44  -0.96  -0.33   0.13    0.2   0.32    2.0   5.63
A_std[16]        -0.26    0.26   0.39  -1.11  -0.42  -0.11 1.4e-3   0.19    2.0   2.91
A_std[17]        -0.22    0.39   0.84   -1.7  -1.02  -0.03   0.35   1.34    5.0   1.56
A_std[18]        -0.18    0.24   0.36  -0.93  -0.39  -0.04   0.06   0.23    2.0   3.29
A_std[19]         0.19    0.02   0.23  -0.12   0.05   0.15   0.28   0.83  154.0   1.03
A_std[20]         0.05    0.01    0.1  -0.14  -0.01   0.05   0.12   0.24   46.0   1.09
A_std[21]        -0.05    0.02   0.12  -0.29  -0.13  -0.05   0.04   0.17   44.0    1.1
A_std[22]         -0.1    0.02   0.12  -0.35  -0.18   -0.1  -0.02   0.14   48.0   1.08
A_std[23]          0.3    0.03   0.35  -0.13   0.07   0.21   0.42   1.25  144.0   1.05
A_std[24]         0.39    0.02   0.35  -0.05   0.16    0.3   0.51    1.3  346.0   1.01
A_std[25]         0.01    0.02   0.19  -0.27  -0.09-5.0e-4    0.1   0.36   82.0   1.05
A_std[26]         0.11    0.01   0.14  -0.16   0.02   0.11    0.2   0.38   96.0   1.06
A_std[27]         0.07    0.01   0.09   -0.1   0.01   0.07   0.13   0.25   45.0   1.09
A_std[28]        -0.05    0.02   0.16  -0.36  -0.15  -0.05   0.06   0.26   70.0   1.06
A_std[29]         0.06    0.02   0.12  -0.17  -0.02   0.06   0.13   0.29   53.0   1.08
A_std[30]         0.04    0.02   0.19  -0.22  -0.07   0.01   0.11   0.55   75.0   1.05
A_std[31]        -0.15    0.48   0.71  -1.63  -0.55   0.14   0.33   0.62    2.0   3.69
A_std[32]         0.04    0.09   0.19  -0.29  -0.09   0.02   0.14   0.47    4.0   1.44
A_std[33]        -0.09    0.02   0.19  -0.41  -0.22  -0.11 5.0e-3   0.37   68.0   1.06
A_std[34]         0.07    0.02   0.24  -0.21  -0.07   0.01   0.12   0.82  199.0   1.02
A_std[35]         0.12    0.01   0.09  -0.05   0.07   0.13   0.19   0.29   54.0   1.07
A_std[36]         0.22    0.01   0.13  -0.03   0.13   0.21    0.3    0.5  104.0   1.04
A_std[37]         5.75    0.04   0.51   4.81    5.4   5.72   6.08    6.8  150.0   1.06
A_std[38]          0.4    0.02   0.39  -0.11   0.13   0.31   0.58    1.4  341.0   1.01
A_std[39]         0.01    0.01    0.1  -0.19  -0.05   0.01   0.08   0.21   69.0   1.06
A_std[40]         0.58    0.02   0.39   0.14   0.33   0.48   0.72   1.64  327.0   1.01
A_std[41]         0.39    0.01   0.15   0.08   0.29   0.39   0.49    0.7  114.0   1.03
A_std[42]         0.05    0.02   0.18  -0.23  -0.06   0.03   0.13   0.43   85.0   1.03
A_std[43]         0.15    0.02   0.16  -0.11   0.05   0.14   0.23   0.48   58.0   1.07
A_std[44]         0.11    0.01   0.09  -0.06   0.05   0.11   0.18   0.28   65.0   1.06
A_std[45]         0.25    0.02   0.21  -0.01   0.13   0.21   0.31   0.82  134.0   1.04
A_std[46]         0.14    0.02   0.26  -0.18  -0.02   0.08   0.21    0.9  146.0   1.05
A_std[47]         0.42    0.02    0.3   0.03   0.23   0.36   0.53   1.28  296.0   1.01
A_std[48]         0.51    0.01    0.2    0.2   0.39   0.49   0.61   1.04  213.0   1.03
A_std[49]      -9.1e-3    0.02   0.13  -0.27   -0.1-9.8e-3   0.08   0.25   61.0   1.07
A_std[50]         0.15    0.01   0.21  -0.19   0.01   0.13   0.26   0.63  215.0   1.03
A_std[51]         0.05    0.01   0.08   -0.1-4.5e-3   0.05    0.1   0.21   46.0   1.09
A_std[52]        -0.24    0.31   0.47  -1.22   -0.5  -0.05   0.08   0.29    2.0    3.3
A_std[53]         0.26    0.01   0.14-4.9e-3   0.17   0.27   0.36   0.53  153.0   1.04
A_std[54]         0.18    0.02   0.27  -0.16   0.02   0.12   0.25   0.91  142.0   1.03
A_std[55]         0.58  9.2e-3   0.17   0.27   0.47   0.58   0.69   0.92  329.0   1.02
A_std[56]        -0.19    0.27    0.4  -1.01  -0.46  -0.02   0.08   0.24    2.0   3.82
A_std[57]        -0.01    0.02    0.1  -0.22  -0.08  -0.01   0.05   0.18   40.0   1.09
A_std[58]         0.03    0.02   0.11  -0.18  -0.04   0.03    0.1   0.23   46.0   1.09
A_std[59]        -0.26    0.06   0.21  -0.88  -0.32  -0.23  -0.15   0.02   13.0   1.34
A_std[60]         0.03    0.01   0.13  -0.22  -0.06   0.03   0.12   0.29   96.0   1.05
A_std[61]        -0.07    0.02   0.16  -0.39  -0.18  -0.07   0.04   0.25  105.0   1.05
A_std[62]         1.19    0.01   0.27   0.73   1.01   1.17   1.34   1.78  314.0   1.01
A_std[63]        -0.32    0.11   0.61  -1.42  -0.83  -0.18   0.07   0.88   33.0   1.13
A_std[64]         0.66    0.01   0.22   0.26   0.51   0.65   0.79   1.12  334.0   1.02
A_std[65]         0.19  8.8e-3   0.09   0.02   0.13   0.19   0.25   0.37  105.0   1.04
A_std[66]         0.19    0.02   0.33  -0.16   0.01   0.12   0.25   1.13  182.0   1.02
A_std[67]        -0.33    0.09   0.24  -0.95   -0.4  -0.27  -0.17-5.6e-6    8.0   1.63
A_std[68]        -0.09    0.02   0.11  -0.32  -0.17  -0.08-7.1e-3   0.12   38.0   1.11
A_std[69]        -0.04    0.02   0.14   -0.3  -0.13  -0.05   0.05   0.23   65.0   1.06
A_std[70]         0.18    0.01   0.15  -0.11   0.08   0.18   0.28   0.49  118.0   1.03
A_std[71]         0.29    0.03   0.38  -0.21   0.03    0.2   0.48   1.28  181.0   1.02
A_std[72]         0.03    0.01    0.1  -0.16  -0.03   0.04    0.1   0.22   43.0   1.09
A_std[73]         0.61  9.9e-3   0.16    0.3    0.5   0.61   0.72   0.93  260.0   1.02
A_std[74]         0.14    0.02   0.16  -0.18   0.03   0.14   0.25   0.47   93.0   1.04
A_std[75]         0.19    0.01   0.16  -0.11   0.08   0.18   0.29   0.51  170.0   1.03
A_std[76]        -0.04    0.02    0.2  -0.42  -0.18  -0.04    0.1   0.36  127.0   1.04
A_std[77]         5.74    0.04   0.51   4.79   5.41   5.71   6.06   6.78  155.0   1.05
A_std[78]       6.7e-5    0.01   0.15  -0.28   -0.1-3.2e-3    0.1   0.31  144.0   1.03
A_std[79]        -0.05    0.03   0.24  -0.59  -0.16  -0.04   0.09   0.32   63.0   1.04
A_std[80]         0.17    0.01   0.18  -0.13   0.05   0.15   0.26   0.58  183.0   1.03
A_err             0.05  4.0e-4 4.5e-3   0.04   0.05   0.05   0.05   0.06  124.0   1.08
AA                 0.1  2.3e-3   0.02   0.07   0.09    0.1   0.11   0.13   45.0    1.1
AB                0.84  4.3e-3   0.05   0.75   0.81   0.84   0.87   0.94  127.0   1.04
epsilon[1]        0.14  6.0e-4   0.01   0.11   0.13   0.14   0.15   0.16  445.0   1.01
epsilon[2]        0.06  6.6e-4   0.01   0.03   0.05   0.06   0.07   0.09  441.0    1.0
epsilon[3]        0.12  4.2e-4   0.01    0.1   0.11   0.12   0.13   0.14  599.0   1.01
epsilon[4]        0.97  1.6e-3   0.03    0.9   0.94   0.97   0.99   1.03  433.0   1.01
epsilon[5]        0.12  5.9e-4   0.01   0.09   0.11   0.12   0.13   0.14  460.0    1.0
epsilon[6]        0.09  4.2e-4   0.01   0.07   0.08   0.09    0.1   0.11  627.0    1.0
epsilon[7]        0.04  7.2e-4   0.02 5.9e-3   0.03   0.04   0.05   0.08  633.0   1.01
epsilon[8]        0.12  1.2e-3   0.02   0.09   0.11   0.12   0.13   0.16  166.0   1.03
epsilon[9]       -0.05  7.8e-4   0.02  -0.08  -0.06  -0.05  -0.03-9.4e-3  559.0    1.0
epsilon[10]       0.09  7.3e-4   0.02   0.06   0.08   0.09    0.1   0.13  502.0   1.01
epsilon[11]      -0.09  3.2e-3   0.05  -0.18  -0.13   -0.1  -0.06   0.03  299.0   1.01
epsilon[12]        0.1  5.6e-4   0.01   0.08   0.09    0.1   0.11   0.12  403.0   1.01
epsilon[13]       0.14  5.8e-4   0.01   0.11   0.13   0.14   0.14   0.16  425.0    1.0
epsilon[14]     8.8e-3  6.4e-4   0.02  -0.02-1.1e-3 8.6e-3   0.02   0.04  549.0   1.01
epsilon[15]       0.13  4.3e-4   0.01    0.1   0.12   0.13   0.13   0.15  710.0    1.0
epsilon[16]       0.12  9.2e-4   0.02   0.08   0.11   0.12   0.14   0.16  532.0    1.0
epsilon[17]       0.04  1.3e-3   0.02-3.0e-3   0.03   0.04   0.06    0.1  346.0   1.02
epsilon[18]       0.05  8.3e-4   0.02   0.01   0.04   0.05   0.06   0.09  482.0   1.01
epsilon[19]       0.07  7.2e-4   0.01   0.04   0.06   0.07   0.08    0.1  374.0   1.01
epsilon[20]       0.12  9.2e-4   0.02   0.09   0.11   0.12   0.13   0.16  347.0   1.01
epsilon[21]       0.11  6.0e-4   0.01   0.08    0.1   0.11   0.12   0.13  460.0   1.02
epsilon[22]       0.06  8.9e-4   0.02   0.02   0.04   0.05   0.07   0.09  441.0   1.02
epsilon[23]       0.12  5.0e-4   0.01    0.1   0.12   0.12   0.13   0.15  548.0   1.01
epsilon[24]       0.09  5.2e-4   0.01   0.07   0.08   0.09    0.1   0.12  576.0   1.01
epsilon[25]       0.05  7.5e-4   0.02   0.02   0.04   0.05   0.06   0.08  511.0    1.0
epsilon[26]       0.08  7.1e-4   0.02   0.04   0.07   0.08   0.09   0.11  553.0    1.0
epsilon[27]       0.11  6.3e-4   0.01   0.08    0.1   0.11   0.12   0.13  437.0   1.01
epsilon[28]       0.07  9.8e-4   0.02   0.02   0.05   0.07   0.08   0.11  432.0   1.01
epsilon[29]       0.05  7.1e-4   0.01   0.02   0.04   0.05   0.06   0.08  426.0   1.01
epsilon[30]       0.13  5.9e-4   0.01    0.1   0.12   0.13   0.13   0.15  480.0   1.02
epsilon[31]      -0.03  8.7e-4   0.02  -0.07  -0.05  -0.03  -0.02 4.9e-3  535.0   1.01
epsilon[32]        0.1  5.0e-4   0.01   0.08   0.09    0.1   0.11   0.12  558.0   1.01
epsilon[33]       0.05  9.6e-4   0.02   0.02   0.04   0.05   0.06   0.08  313.0   1.02
epsilon[34]       0.12  5.9e-4   0.01    0.1   0.12   0.12   0.13   0.15  481.0   1.01
epsilon[35]        0.1  5.2e-4   0.01   0.08    0.1    0.1   0.11   0.13  521.0    1.0
epsilon[36]        0.1  6.4e-4   0.01   0.08    0.1   0.11   0.11   0.13  398.0   1.02
epsilon[37]       0.54  3.1e-3   0.06   0.43    0.5   0.54   0.58   0.66  340.0   1.01
epsilon[38]       0.11  6.5e-4   0.01   0.09   0.11   0.11   0.12   0.14  370.0   1.01
epsilon[39]       0.12  6.2e-4   0.01    0.1   0.11   0.12   0.13   0.15  494.0    1.0
epsilon[40]       0.14  3.1e-4 7.4e-3   0.12   0.13   0.14   0.14   0.15  582.0   1.01
epsilon[41]       0.06  8.2e-4   0.02   0.03   0.05   0.06   0.07   0.09  379.0   1.01
epsilon[42]       0.08  5.1e-4   0.01   0.05   0.07   0.08   0.08    0.1  539.0   1.01
epsilon[43]       0.12  7.1e-4   0.01    0.1   0.11   0.12   0.13   0.14  250.0   1.03
epsilon[44]       0.11  7.3e-4   0.01   0.08    0.1   0.11   0.12   0.14  408.0   1.01
epsilon[45]       0.07  6.0e-4   0.01   0.04   0.06   0.07   0.07   0.09  468.0    1.0
epsilon[46]       0.19  4.7e-4   0.01   0.16   0.18   0.19    0.2   0.21  603.0   1.01
epsilon[47]       0.06  6.4e-4   0.01   0.03   0.05   0.06   0.07   0.09  471.0   1.01
epsilon[48]       0.12  7.4e-4   0.01   0.09   0.11   0.12   0.13   0.15  368.0   1.01
epsilon[49]       0.06  6.9e-4   0.02   0.03   0.05   0.06   0.07   0.09  529.0   1.01
epsilon[50]       0.03  8.7e-4   0.02-2.8e-3   0.02   0.03   0.04   0.07  393.0    1.0
epsilon[51]       0.17  5.7e-4   0.01   0.15   0.16   0.17   0.18   0.19  430.0   1.01
epsilon[52]       0.97  1.8e-3   0.03    0.9   0.94   0.97   0.99   1.03  350.0   1.02
epsilon[53]       0.06  7.7e-4   0.02   0.03   0.05   0.06   0.07   0.09  429.0   1.01
epsilon[54]        0.1  6.3e-4   0.01   0.08   0.09    0.1   0.11   0.13  441.0   1.01
epsilon[55]       0.03  9.2e-4   0.02-7.6e-3   0.02   0.03   0.04   0.07  406.0   1.02
epsilon[56]       0.15  4.8e-4   0.01   0.12   0.14   0.15   0.15   0.17  526.0   1.01
epsilon[57]       0.14  8.7e-4   0.02   0.11   0.13   0.14   0.15   0.18  358.0   1.01
epsilon[58]        0.1  8.3e-4   0.01   0.07   0.09    0.1   0.11   0.13  318.0   1.02
epsilon[59]       0.11  6.7e-4   0.01   0.08    0.1   0.11   0.12   0.13  381.0   1.01
epsilon[60]     4.7e-3  7.3e-4   0.02  -0.03-7.0e-3 4.9e-3   0.02   0.04  578.0    1.0
epsilon[61]      -0.05  7.0e-4   0.02  -0.08  -0.06  -0.05  -0.03  -0.01  641.0   1.01
epsilon[62]       0.14  1.2e-3   0.02   0.09   0.12   0.14   0.15   0.18  389.0    1.0
epsilon[63]       0.09  4.8e-4   0.01   0.07   0.08   0.09    0.1   0.12  646.0   1.01
epsilon[64]     5.6e-3  9.3e-4   0.02  -0.04-9.2e-3 6.5e-3   0.02   0.05  535.0   1.01
epsilon[65]       0.17  4.4e-4 9.7e-3   0.15   0.16   0.17   0.17   0.19  485.0   1.01
epsilon[66]        0.1  7.7e-4   0.01   0.08   0.09    0.1   0.11   0.13  298.0   1.02
epsilon[67]     8.3e-3  6.5e-4   0.01  -0.02-1.2e-3 8.4e-3   0.02   0.04  495.0   1.01
epsilon[68]       0.15  4.9e-4   0.01   0.13   0.14   0.15   0.16   0.17  469.0   1.01
epsilon[69]        0.1  5.3e-4   0.01   0.08   0.09    0.1   0.11   0.12  453.0   1.01
epsilon[70]       0.07  7.1e-4   0.02   0.04   0.06   0.07   0.08    0.1  452.0   1.01
epsilon[71]       0.05  1.1e-3   0.02   0.01   0.04   0.05   0.06   0.08  269.0   1.01
epsilon[72]       0.12  5.1e-4   0.01    0.1   0.11   0.12   0.12   0.14  450.0    1.0
epsilon[73]    -3.7e-3  7.9e-4   0.02  -0.04  -0.02-3.4e-3 9.2e-3   0.03  545.0   1.01
epsilon[74]      -0.04  8.3e-4   0.02  -0.08  -0.05  -0.04  -0.03-5.9e-3  487.0    1.0
epsilon[75]       0.07  7.6e-4   0.02   0.04   0.06   0.07   0.08    0.1  411.0   1.01
epsilon[76]       0.02  9.6e-4   0.01-5.4e-3   0.01   0.02   0.03   0.05  238.0   1.03
epsilon[77]       0.54  3.9e-3   0.06   0.43    0.5   0.54   0.58   0.65  232.0   1.02
epsilon[78]     6.2e-3  1.3e-3   0.03  -0.04  -0.01 6.3e-3   0.02   0.06  363.0    1.0
epsilon[79]       0.04  7.6e-4   0.02   0.01   0.03   0.04   0.06   0.08  509.0    1.0
epsilon[80]       0.07  6.3e-4   0.01   0.04   0.06   0.07   0.08   0.09  486.0   1.01
alpha[1]        8.5e-3  1.6e-5 6.6e-4 7.2e-3 8.0e-3 8.5e-3 8.9e-3 9.8e-3 1695.0    1.0
alpha[2]          0.02  2.5e-5 9.8e-4   0.01   0.02   0.02   0.02   0.02 1486.0    1.0
alpha[3]          0.01  2.4e-5 8.7e-4   0.01   0.01   0.01   0.01   0.02 1375.0    1.0
alpha[4]          0.02  1.2e-4 2.3e-3   0.02   0.02   0.02   0.02   0.03  385.0   1.01
alpha[5]          0.01  3.9e-5 1.2e-3   0.01   0.01   0.01   0.02   0.02  881.0    1.0
alpha[6]          0.02  7.2e-5 2.0e-3   0.01   0.01   0.02   0.02   0.02  745.0    1.0
alpha[7]        9.2e-3  5.0e-5 1.7e-3 5.9e-3 8.1e-3 9.2e-3   0.01   0.01 1134.0    1.0
alpha[8]          0.01  6.3e-5 1.2e-3   0.01   0.01   0.01   0.01   0.02  356.0   1.01
alpha[9]          0.01  7.9e-5 2.3e-3 9.0e-3   0.01   0.01   0.01   0.02  840.0    1.0
alpha[10]       9.2e-3  4.2e-5 1.4e-3 6.4e-3 8.2e-3 9.2e-3   0.01   0.01 1172.0    1.0
alpha[11]         0.02  2.5e-4 4.6e-310.0e-3   0.02   0.02   0.02   0.03  333.0   1.01
alpha[12]         0.02  5.0e-5 1.3e-3   0.01   0.02   0.02   0.02   0.02  672.0   1.01
alpha[13]         0.01  2.0e-5 7.7e-4   0.01   0.01   0.01   0.02   0.02 1489.0    1.0
alpha[14]         0.02  8.0e-5 2.0e-3   0.01   0.02   0.02   0.02   0.02  625.0    1.0
alpha[15]         0.01  4.8e-5 1.2e-3   0.01   0.01   0.01   0.01   0.01  645.0   1.01
alpha[16]         0.01  5.4e-5 1.8e-3 6.9e-3 9.1e-3   0.01   0.01   0.01 1097.0    1.0
alpha[17]         0.01  9.4e-5 2.5e-3   0.01   0.01   0.01   0.02   0.02  701.0   1.01
alpha[18]       9.5e-3  2.7e-5 9.9e-4 7.6e-3 8.9e-3 9.5e-3   0.01   0.01 1391.0    1.0
alpha[19]         0.01  2.6e-5 9.3e-4 9.8e-3   0.01   0.01   0.01   0.01 1263.0    1.0
alpha[20]         0.01  6.0e-5 1.6e-3 9.6e-3   0.01   0.01   0.01   0.02  707.0    1.0
alpha[21]         0.01  2.9e-5 9.5e-410.0e-3   0.01   0.01   0.01   0.01 1072.0    1.0
alpha[22]         0.02  8.8e-5 2.0e-3   0.01   0.01   0.01   0.02   0.02  506.0   1.01
alpha[23]         0.01  4.2e-5 1.3e-3 9.9e-3   0.01   0.01   0.01   0.02 1024.0   1.01
alpha[24]         0.02  5.4e-5 1.4e-3   0.01   0.01   0.02   0.02   0.02  637.0   1.01
alpha[25]         0.02  1.2e-4 2.6e-3   0.01   0.02   0.02   0.02   0.02  469.0   1.01
alpha[26]       9.9e-3  2.7e-5 8.5e-4 8.3e-3 9.4e-3 9.9e-3   0.01   0.01  959.0    1.0
alpha[27]         0.02  3.8e-5 1.2e-3   0.02   0.02   0.02   0.02   0.02 1062.0    1.0
alpha[28]         0.01  7.5e-5 2.0e-3   0.01   0.01   0.01   0.02   0.02  740.0    1.0
alpha[29]         0.01  3.7e-5 1.0e-3   0.01   0.01   0.01   0.02   0.02  804.0   1.01
alpha[30]         0.02  7.9e-5 1.5e-3   0.01   0.02   0.02   0.02   0.02  355.0   1.02
alpha[31]         0.01  6.7e-5 1.8e-3 9.7e-3   0.01   0.01   0.01   0.02  765.0    1.0
alpha[32]         0.01  3.4e-5 1.1e-3 8.6e-310.0e-3   0.01   0.01   0.01 1065.0    1.0
alpha[33]         0.01  7.8e-5 1.8e-3 7.0e-3 9.2e-3   0.01   0.01   0.01  502.0   1.01
alpha[34]         0.02  7.8e-5 1.6e-3   0.01   0.02   0.02   0.02   0.02  420.0    1.0
alpha[35]         0.01  5.2e-5 1.3e-3 8.4e-3 9.7e-3   0.01   0.01   0.01  626.0   1.01
alpha[36]         0.01  2.1e-5 7.5e-4   0.01   0.01   0.01   0.01   0.02 1212.0    1.0
alpha[37]        -0.05  2.4e-4 4.3e-3  -0.06  -0.05  -0.05  -0.04  -0.04  324.0   1.01
alpha[38]         0.01  6.0e-5 9.4e-4   0.01   0.01   0.01   0.01   0.02  248.0   1.02
alpha[39]         0.01  1.4e-5 6.2e-4 9.4e-3   0.01   0.01   0.01   0.01 1936.0    1.0
alpha[40]         0.01  2.3e-5 7.5e-4   0.01   0.01   0.01   0.02   0.02 1093.0    1.0
alpha[41]         0.01  4.1e-5 1.2e-310.0e-3   0.01   0.01   0.01   0.01  909.0    1.0
alpha[42]         0.01  3.8e-5 1.4e-3   0.01   0.01   0.01   0.01   0.02 1350.0    1.0
alpha[43]         0.01  3.6e-4 1.3e-3 9.9e-3   0.01   0.01   0.01   0.01   14.0   1.37
alpha[44]         0.01  1.2e-5 5.4e-4 9.1e-3 9.8e-3   0.01   0.01   0.01 2182.0    1.0
alpha[45]         0.02  1.5e-4 2.7e-3   0.01   0.02   0.02   0.02   0.02  341.0   1.01
alpha[46]         0.01  6.1e-5 1.4e-3 9.4e-3   0.01   0.01   0.01   0.01  538.0   1.01
alpha[47]         0.02  2.7e-5 1.0e-3   0.01   0.02   0.02   0.02   0.02 1406.0    1.0
alpha[48]         0.01  3.1e-5 1.1e-3   0.01   0.01   0.01   0.01   0.01 1176.0    1.0
alpha[49]       6.9e-3  3.4e-5 1.2e-3 4.5e-3 6.1e-3 6.9e-3 7.8e-3 9.4e-3 1324.0    1.0
alpha[50]         0.02  1.5e-4 2.7e-3   0.01   0.02   0.02   0.02   0.02  303.0   1.02
alpha[51]         0.02  1.1e-4 2.0e-3   0.01   0.01   0.01   0.02   0.02  345.0   1.01
alpha[52]         0.02  8.8e-5 2.2e-3   0.02   0.02   0.02   0.02   0.02  623.0   1.01
alpha[53]         0.01  1.8e-5 7.4e-4   0.01   0.01   0.01   0.01   0.02 1616.0    1.0
alpha[54]         0.02  2.0e-4 3.3e-3   0.01   0.01   0.02   0.02   0.02  263.0   1.01
alpha[55]         0.01  4.1e-5 1.2e-3 8.0e-3 9.5e-3   0.01   0.01   0.01  816.0    1.0
alpha[56]         0.01  2.1e-5 8.2e-4 8.4e-3 9.5e-3   0.01   0.01   0.01 1548.0    1.0
alpha[57]         0.02  5.9e-5 1.6e-3   0.01   0.02   0.02   0.02   0.02  744.0   1.01
alpha[58]         0.02  1.2e-4 2.5e-3   0.02   0.02   0.02   0.02   0.03  454.0   1.01
alpha[59]         0.01  4.0e-5 1.2e-3   0.01   0.01   0.01   0.01   0.02  880.0    1.0
alpha[60]       8.4e-3  4.1e-5 1.3e-3 6.0e-3 7.6e-3 8.4e-3 9.3e-3   0.01  969.0    1.0
alpha[61]       4.1e-3  3.8e-5 1.3e-3 1.4e-3 3.2e-3 4.1e-3 5.0e-3 6.7e-3 1226.0    1.0
alpha[62]         0.02  7.4e-5 1.9e-3   0.01   0.01   0.02   0.02   0.02  696.0    1.0
alpha[63]       8.3e-3  1.8e-4 1.2e-3 5.9e-3 7.5e-3 8.3e-3 9.1e-3   0.01   42.0    1.1
alpha[64]         0.01  1.2e-4 3.0e-3 5.8e-3 9.3e-3   0.01   0.01   0.02  593.0   1.01
alpha[65]       4.9e-3  1.5e-5 7.4e-4 3.4e-3 4.4e-3 4.8e-3 5.3e-3 6.3e-3 2545.0    1.0
alpha[66]         0.02  1.9e-4 3.2e-3   0.01   0.01   0.02   0.02   0.02  284.0   1.01
alpha[67]         0.02  6.8e-5 1.9e-3   0.01   0.02   0.02   0.02   0.02  799.0   1.01
alpha[68]         0.02  9.8e-5 2.2e-3   0.01   0.01   0.02   0.02   0.02  491.0   1.01
alpha[69]         0.01  3.3e-5 1.1e-3 8.6e-3   0.01   0.01   0.01   0.01 1102.0   1.01
alpha[70]       6.8e-3  1.8e-5 7.6e-4 5.3e-3 6.3e-3 6.8e-3 7.3e-3 8.3e-3 1828.0    1.0
alpha[71]         0.02  3.7e-4 4.4e-3   0.01   0.01   0.02   0.02   0.03  137.0   1.03
alpha[72]         0.01  1.4e-5 5.9e-4   0.01   0.01   0.01   0.01   0.01 1651.0    1.0
alpha[73]       8.5e-3  6.2e-5 1.7e-3 5.2e-3 7.3e-3 8.5e-3 9.6e-3   0.01  748.0    1.0
alpha[74]         0.01  6.0e-5 1.8e-3 8.6e-3   0.01   0.01   0.01   0.02  870.0    1.0
alpha[75]       6.9e-3  1.7e-5 7.4e-4 5.4e-3 6.4e-3 6.9e-3 7.4e-3 8.3e-3 1931.0    1.0
alpha[76]         0.01  4.1e-5 1.4e-3   0.01   0.01   0.01   0.01   0.02 1129.0    1.0
alpha[77]        -0.05  2.8e-4 4.4e-3  -0.06  -0.05  -0.05  -0.04  -0.04  246.0   1.03
alpha[78]         0.01  1.0e-4 2.4e-3 9.8e-3   0.01   0.01   0.02   0.02  535.0   1.01
alpha[79]         0.02  9.3e-5 2.4e-3   0.01   0.01   0.02   0.02   0.02  666.0    1.0
alpha[80]         0.01  2.6e-5 9.5e-4 9.8e-3   0.01   0.01   0.01   0.01 1318.0    1.0
A[1]              0.02  9.7e-5 3.1e-3   0.01   0.02   0.02   0.02   0.03 1046.0    1.0
A[2]              0.05  6.9e-4   0.01   0.03   0.04   0.04   0.05   0.08  360.0   1.01
A[3]              0.03  1.2e-3   0.01   0.02   0.03   0.03   0.04   0.06   75.0   1.05
A[4]              0.02  3.7e-4 6.8e-3   0.01   0.02   0.02   0.03   0.04  330.0   1.02
A[5]              0.04  4.7e-4 8.5e-3   0.03   0.03   0.03   0.04   0.06  324.0   1.02
A[6]              0.03  6.8e-4   0.01   0.02   0.02   0.02   0.03   0.07  386.0   1.01
A[7]              0.01    0.02   0.02  -0.04-1.6e-3   0.03   0.03   0.04    2.0   4.11
A[8]              0.03  1.2e-3   0.02 8.8e-3   0.02   0.03   0.04   0.08  249.0   1.01
A[9]              0.03  2.4e-4 7.3e-3   0.01   0.02   0.03   0.03   0.04  945.0    1.0
A[10]           3.0e-3  1.1e-3   0.02  -0.03  -0.01 6.0e-3   0.01   0.03  236.0   1.01
A[11]           2.3e-3  1.9e-3   0.02  -0.04  -0.02 9.8e-3   0.02   0.04  131.0   1.04
A[12]             0.04  1.6e-3   0.02   0.02   0.03   0.03   0.04   0.08  102.0   1.03
A[13]             0.03  1.2e-4 4.0e-3   0.02   0.03   0.03   0.03   0.04 1068.0    1.0
A[14]             0.02  8.8e-5 3.6e-3 9.6e-3   0.01   0.02   0.02   0.02 1693.0    1.0
A[15]             0.01    0.02   0.02  -0.03-1.3e-3   0.02   0.03   0.03    2.0   8.67
A[16]           9.3e-3    0.01   0.02  -0.02-6.4e-4   0.02   0.02   0.03    2.0   3.33
A[17]             0.01    0.02   0.04  -0.05  -0.02   0.02   0.04   0.09    5.0   1.57
A[18]          10.0e-3    0.01   0.02  -0.03-1.8e-3   0.02   0.02   0.03    2.0   4.31
A[19]             0.03  6.1e-4   0.01   0.02   0.02   0.03   0.03   0.06  275.0   1.02
A[20]             0.02  5.9e-5 2.9e-3   0.02   0.02   0.02   0.03   0.03 2354.0    1.0
A[21]             0.02  1.0e-4 3.5e-3   0.02   0.02   0.02   0.03   0.03 1231.0    1.0
A[22]             0.02  9.6e-5 3.9e-3   0.01   0.02   0.02   0.02   0.03 1617.0    1.0
A[23]             0.04  1.0e-3   0.02   0.02   0.03   0.03   0.04   0.08  247.0   1.03
A[24]             0.04  8.7e-4   0.02   0.02   0.03   0.04   0.05   0.08  356.0   1.01
A[25]             0.03  6.8e-4 8.2e-3   0.02   0.02   0.03   0.03   0.04  149.0   1.02
A[26]             0.03  2.3e-4 5.5e-3   0.02   0.02   0.03   0.03   0.04  588.0   1.01
A[27]             0.03  4.8e-5 2.5e-3   0.02   0.02   0.03   0.03   0.03 2652.0    1.0
A[28]             0.02  2.0e-4 5.8e-3   0.01   0.02   0.02   0.03   0.04  865.0    1.0
A[29]             0.03  1.4e-4 4.0e-3   0.02   0.02   0.03   0.03   0.03  771.0   1.01
A[30]             0.02  4.7e-4 8.7e-3   0.01   0.02   0.02   0.03   0.05  344.0   1.02
A[31]             0.02    0.02   0.04  -0.05-9.2e-4   0.04   0.04   0.06    2.0    4.4
A[32]             0.03  4.8e-3 8.5e-3   0.02   0.02   0.03   0.03   0.05    3.0   1.62
A[33]             0.02  5.4e-4 7.8e-3   0.01   0.02   0.02   0.03   0.04  204.0   1.02
A[34]             0.02  7.3e-4   0.01   0.01   0.02   0.02   0.03   0.06  230.0   1.01
A[35]             0.03  7.2e-5 2.8e-3   0.02   0.02   0.03   0.03   0.03 1547.0    1.0
A[36]             0.03  2.2e-4 5.5e-3   0.03   0.03   0.03   0.04   0.05  629.0   1.01
A[37]             0.31  3.2e-4 6.8e-3   0.29    0.3   0.31   0.31   0.32  464.0   1.01
A[38]             0.04  9.4e-4   0.02   0.02   0.03   0.04   0.05   0.09  386.0   1.01
A[39]             0.02  1.0e-4 3.7e-3   0.01   0.02   0.02   0.02   0.03 1247.0    1.0
A[40]             0.05  9.7e-4   0.02   0.03   0.04   0.04   0.05    0.1  352.0   1.01
A[41]             0.05  1.9e-4 6.0e-3   0.03   0.04   0.05   0.05   0.06 1040.0    1.0
A[42]             0.03  5.1e-4 7.4e-3   0.02   0.03   0.03   0.03   0.05  214.0   1.01
A[43]             0.03  6.5e-4 6.5e-3   0.02   0.03   0.03   0.03   0.05   99.0   1.05
A[44]             0.02  8.1e-5 3.0e-3   0.02   0.02   0.02   0.03   0.03 1361.0    1.0
A[45]             0.04  6.6e-4 8.8e-3   0.03   0.03   0.04   0.04   0.06  177.0   1.02
A[46]             0.02  8.8e-4   0.01   0.01   0.02   0.02   0.03   0.06  186.0   1.03
A[47]             0.05  7.5e-4   0.01   0.03   0.04   0.04   0.05   0.09  346.0   1.01
A[48]             0.05  4.4e-4 8.7e-3   0.04   0.04   0.05   0.05   0.07  389.0   1.02
A[49]             0.03  1.3e-4 4.7e-3   0.02   0.02   0.03   0.03   0.04 1306.0    1.0
A[50]             0.03  4.2e-4 9.2e-3   0.02   0.03   0.03   0.04   0.05  466.0   1.01
A[51]             0.02  1.0e-4 2.5e-3   0.01   0.02   0.02   0.02   0.02  594.0   1.01
A[52]             0.01    0.01   0.02  -0.03-4.1e-4   0.02   0.03   0.03    2.0   4.03
A[53]             0.04  1.9e-4 5.4e-3   0.03   0.03   0.04   0.04   0.05  779.0    1.0
A[54]             0.03  9.2e-4   0.01   0.02   0.03   0.03   0.04   0.07  174.0   1.02
A[55]             0.05  2.2e-4 7.2e-3   0.04   0.04   0.05   0.05   0.06 1053.0    1.0
A[56]             0.01    0.01   0.02  -0.03-2.0e-3   0.02   0.02   0.03    2.0   5.56
A[57]             0.02  8.5e-5 3.1e-3   0.02   0.02   0.02   0.02   0.03 1308.0   1.01
A[58]             0.02  1.0e-4 3.2e-3   0.02   0.02   0.02   0.03   0.03  975.0    1.0
A[59]             0.01  1.9e-3 7.8e-3  -0.01 8.9e-3   0.01   0.01   0.02   17.0   1.23
A[60]             0.03  1.4e-4 4.9e-3   0.02   0.02   0.03   0.03   0.04 1258.0    1.0
A[61]             0.02  1.8e-4 6.4e-3   0.01   0.02   0.02   0.03   0.04 1198.0    1.0
A[62]             0.08  4.8e-4   0.01   0.06   0.07   0.08   0.09   0.11  599.0   1.01
A[63]           7.2e-3  5.2e-3   0.03  -0.04  -0.02   0.01   0.03   0.07   31.0   1.14
A[64]             0.06  3.8e-4 9.8e-3   0.04   0.05   0.06   0.07   0.08  656.0   1.01
A[65]             0.03  9.7e-5 3.3e-3   0.02   0.02   0.03   0.03   0.03 1142.0    1.0
A[66]             0.03  1.2e-3   0.02   0.02   0.03   0.03   0.04   0.08  186.0   1.01
A[67]             0.01  5.6e-3   0.01  -0.02   0.01   0.02   0.02   0.02    5.0   2.23
A[68]             0.02  1.3e-4 3.4e-3   0.01   0.02   0.02   0.02   0.03  681.0   1.01
A[69]             0.02  1.6e-4 4.8e-3   0.01   0.02   0.02   0.03   0.03  912.0    1.0
A[70]             0.03  2.1e-4 6.4e-3   0.02   0.03   0.03   0.03   0.04  906.0   1.01
A[71]             0.04  1.1e-3   0.02   0.02   0.03   0.04   0.05   0.09  235.0   1.01
A[72]             0.02  8.5e-5 2.9e-3   0.02   0.02   0.02   0.03   0.03 1146.0    1.0
A[73]             0.06  2.0e-4 6.6e-3   0.04   0.05   0.06   0.06   0.07 1078.0    1.0
A[74]             0.03  2.2e-4 6.4e-3   0.02   0.03   0.03   0.04   0.05  835.0    1.0
A[75]             0.03  2.1e-4 6.4e-3   0.02   0.03   0.03   0.03   0.04  909.0    1.0
A[76]             0.03  3.8e-4 8.3e-3   0.01   0.02   0.03   0.03   0.04  487.0   1.01
A[77]             0.31  3.7e-4 6.9e-3   0.29    0.3   0.31   0.31   0.32  343.0   1.02
A[78]             0.02  2.7e-4 6.2e-3   0.01   0.02   0.02   0.03   0.04  540.0   1.02
A[79]             0.02  9.6e-4   0.01-2.2e-3   0.02   0.02   0.03   0.04  114.0   1.01
A[80]             0.03  3.4e-4 7.7e-3   0.02   0.02   0.03   0.03   0.05  509.0   1.01
lp__             -6113     1.0  20.47  -6154  -6127  -6113  -6099  -6073  421.0   1.01

Samples were drawn using NUTS at Thu Mar  7 19:43:46 2019.
For each parameter, n_eff is a crude measure of effective sample size,
and Rhat is the potential scale reduction factor on split chains (at 
convergence, Rhat=1).