Inference for Stan model: anon_model_36d21e616971c881d1e45dd863be4cb0.
4 chains, each with iter=10000; warmup=5000; thin=1; 
post-warmup draws per chain=5000, total post-warmup draws=20000.

                  mean se_mean     sd   2.5%    25%    50%    75%  97.5%  n_eff   Rhat
dnu[1]            5.41  3.7e-4 8.7e-3    5.4   5.41   5.41   5.42   5.43  566.0   1.01
dnu[2]            8.82  2.4e-4 6.0e-3   8.81   8.81   8.82   8.82   8.83  611.0    1.0
dnu[3]            7.47  1.8e-4 5.1e-3   7.46   7.47   7.47   7.47   7.48  819.0    1.0
dnu[4]            5.79  1.6e-3   0.03   5.73   5.78    5.8   5.81   5.84  292.0   1.01
dnu[5]            5.14  2.4e-4 5.7e-3   5.13   5.13   5.14   5.14   5.15  556.0   1.01
dnu[6]            8.79  2.2e-4 5.7e-3   8.78   8.79   8.79   8.79    8.8  682.0    1.0
dnu[7]            5.53  4.1e-4 9.2e-3   5.51   5.52   5.52   5.53   5.54  508.0    1.0
dnu[8]            5.25  2.7e-4 6.3e-3   5.23   5.24   5.25   5.25   5.26  543.0    1.0
dnu[9]            4.66  3.2e-4 7.6e-3   4.65   4.66   4.66   4.67   4.68  565.0    1.0
dnu[10]            4.8  4.9e-4 8.9e-3   4.78   4.79    4.8    4.8   4.81  333.0    1.0
dnu[11]           5.96  3.4e-4 7.9e-3   5.95   5.96   5.96   5.97   5.98  553.0    1.0
dnu[12]           4.71  3.1e-4 7.8e-3   4.69    4.7   4.71   4.71   4.72  630.0   1.01
dnu[13]           5.52  3.6e-4 8.7e-3   5.51   5.52   5.52   5.53   5.54  595.0    1.0
dnu[14]           7.82  5.3e-4   0.01   7.79   7.81   7.82   7.83   7.85  726.0    1.0
dnu[15]           5.67  3.1e-4 7.4e-3   5.66   5.67   5.67   5.68   5.69  554.0   1.01
dnu[16]           5.48  4.1e-4   0.01   5.46   5.47   5.48   5.49    5.5  591.0   1.01
dnu[17]           7.46  1.7e-3   0.03    7.4   7.44   7.45   7.47   7.51  282.0   1.03
dnu[18]           6.12  3.5e-4 8.0e-3   6.11   6.12   6.12   6.13   6.14  536.0   1.01
dnu[19]           6.14  2.4e-4 5.7e-3   6.13   6.14   6.14   6.15   6.15  547.0   1.01
dnu[20]            5.6  3.2e-4 8.3e-3   5.58   5.59    5.6    5.6   5.61  651.0   1.01
dnu[21]           5.69  9.1e-4   0.01   5.66   5.68   5.69    5.7   5.72  273.0   1.01
dnu[22]           8.82  2.5e-4 5.9e-3   8.81   8.81   8.82   8.82   8.83  578.0   1.02
dnu[23]           4.91  4.5e-4   0.01   4.89    4.9   4.91   4.92   4.93  500.0   1.01
dnu[24]           5.68  3.0e-4 7.5e-3   5.66   5.67   5.68   5.68   5.69  604.0    1.0
dnu[25]           4.99  3.8e-4 8.4e-3   4.97   4.98   4.99   4.99   5.01  499.0   1.02
dnu[26]           6.96  7.5e-4   0.02   6.92   6.95   6.96   6.97   6.99  431.0   1.02
dnu[27]           6.05  3.1e-4 7.5e-3   6.03   6.04   6.05   6.05   6.06  576.0   1.01
dnu[28]           8.31  4.0e-4 9.2e-3    8.3   8.31   8.31   8.32   8.33  533.0   1.01
dnu[29]           4.89  2.5e-4 6.2e-3   4.88   4.89   4.89   4.89    4.9  618.0   1.01
dnu[30]           4.81  3.4e-4 9.0e-3   4.79    4.8   4.81   4.81   4.82  686.0    1.0
dnu[31]           5.75  1.9e-4 5.0e-3   5.74   5.74   5.75   5.75   5.75  675.0    1.0
dnu[32]            6.5  3.1e-4 7.9e-3   6.48   6.49    6.5    6.5   6.51  641.0   1.01
dnu[33]            6.5  3.4e-4 8.1e-3   6.48   6.49    6.5    6.5   6.51  561.0    1.0
dnu[34]           5.32  4.7e-4 9.8e-3    5.3   5.31   5.32   5.33   5.34  440.0   1.01
dnu[35]           5.02  4.3e-4 8.1e-3   5.01   5.02   5.02   5.03   5.04  346.0    1.0
dnu[36]           5.97  5.0e-4   0.01   5.95   5.96   5.97   5.98   5.99  431.0   1.01
dnu[37]           6.73  3.6e-4 7.9e-3   6.72   6.73   6.73   6.74   6.75  497.0   1.01
dnu[38]           7.82  6.1e-4   0.01   7.79   7.81   7.82   7.83   7.85  579.0    1.0
dnu[39]           7.02  2.8e-4 6.4e-3   7.01   7.02   7.02   7.02   7.03  506.0    1.0
dnu[40]           7.23  4.4e-4 9.5e-3   7.21   7.22   7.23   7.23   7.25  464.0    1.0
dnu[41]           4.82  2.5e-4 5.7e-3   4.81   4.82   4.82   4.82   4.83  504.0   1.01
dnu[42]           8.08  2.7e-4 6.6e-3   8.07   8.08   8.08   8.08   8.09  603.0   1.01
dnu[43]           5.32  3.7e-4 9.5e-3    5.3   5.31   5.32   5.33   5.34  649.0   1.01
dnu[44]           5.78  2.3e-4 5.4e-3   5.77   5.77   5.78   5.78   5.79  544.0    1.0
dnu[45]           5.24  3.9e-4 9.1e-3   5.22   5.24   5.24   5.25   5.26  538.0   1.02
dnu[46]           9.52  5.2e-3   0.08   9.36   9.47   9.52   9.57   9.68  244.0   1.01
dnu[47]           8.08  2.9e-4 6.7e-3   8.07   8.08   8.08   8.08   8.09  543.0   1.01
dnu[48]           7.95  2.7e-4 6.9e-3   7.94   7.95   7.95   7.96   7.97  637.0   1.01
dnu[49]           5.66  3.9e-4 8.8e-3   5.64   5.65   5.66   5.67   5.68  518.0    1.0
dnu[50]           6.62  4.6e-4   0.01   6.61   6.62   6.62   6.63   6.64  486.0    1.0
dnu[51]           5.19  2.3e-4 5.8e-3   5.18   5.19   5.19    5.2    5.2  654.0   1.01
dnu[52]           6.64  6.3e-4   0.01   6.62   6.64   6.64   6.65   6.67  491.0   1.01
dnu[53]           5.69  3.0e-4 6.8e-3   5.68   5.69   5.69    5.7   5.71  522.0   1.01
dnu[54]           8.31  3.5e-4 9.0e-3    8.3   8.31   8.31   8.32   8.33  647.0   1.01
dnu[55]           5.27  2.3e-4 6.5e-3   5.25   5.26   5.27   5.27   5.28  777.0    1.0
dnu[56]           8.51  1.5e-3   0.03   8.45   8.49   8.51   8.52   8.56  327.0   1.01
dnu[57]           5.31  4.3e-4   0.01   5.29   5.31   5.31   5.32   5.33  588.0    1.0
dnu[58]           4.91  3.8e-4 8.4e-3    4.9   4.91   4.91   4.92   4.93  478.0   1.01
dnu[59]           5.96  3.6e-4 7.9e-3   5.95   5.96   5.96   5.97   5.98  483.0   1.01
dnu[60]           4.95  2.8e-4 6.6e-3   4.94   4.95   4.95   4.96   4.97  555.0   1.01
numax[1]         55.56    0.03   0.68  54.19  55.11  55.57  56.03  56.88  514.0   1.01
numax[2]        103.65    0.02   0.49 102.67 103.32 103.65  104.0  104.6  577.0    1.0
numax[3]         76.89  8.4e-3   0.23  76.44  76.74  76.89  77.05  77.33  760.0   1.01
numax[4]         67.13    0.02    0.5  66.14  66.79  67.13  67.47  68.11 1069.0    1.0
numax[5]         51.56  8.7e-3   0.23  51.11   51.4  51.56  51.71  52.01  702.0    1.0
numax[6]         95.69  9.1e-3   0.23  95.24  95.53  95.69  95.84  96.14  641.0    1.0
numax[7]         64.49    0.02   0.48  63.57  64.17  64.48  64.82  65.45  601.0    1.0
numax[8]         54.21    0.01   0.24  53.74  54.04   54.2  54.37  54.68  564.0   1.01
numax[9]         45.61    0.01   0.29  45.03  45.41  45.61  45.81  46.17  739.0   1.01
numax[10]        45.73    0.01    0.3  45.13  45.53  45.73  45.93  46.32  502.0    1.0
numax[11]        68.54    0.02   0.59  67.37  68.14  68.54  68.95  69.69  739.0    1.0
numax[12]        47.47    0.01   0.34  46.79  47.23  47.46  47.69  48.15  734.0    1.0
numax[13]        64.51    0.02   0.49  63.56  64.18   64.5  64.84  65.47  601.0    1.0
numax[14]        85.42    0.01   0.44  84.57  85.12  85.41  85.71  86.28  963.0    1.0
numax[15]        53.78    0.01   0.26  53.27   53.6  53.78  53.95  54.28  603.0   1.01
numax[16]        57.14    0.02    0.4  56.39  56.87  57.13  57.41  57.93  631.0   1.01
numax[17]       104.83    0.02   0.29 104.24 104.65 104.84 105.02 105.38  277.0   1.02
numax[18]        66.05    0.02   0.42  65.21  65.76  66.06  66.34  66.86  548.0   1.01
numax[19]        61.98    0.01   0.26  61.48  61.81  61.98  62.15  62.49  631.0    1.0
numax[20]        61.39    0.01   0.37  60.69  61.14  61.39  61.64  62.13  707.0    1.0
numax[21]        58.96    0.02   0.42  58.13  58.68  58.96  59.24  59.78  765.0    1.0
numax[22]       103.62    0.02    0.5 102.67 103.28 103.61 103.95 104.62  544.0   1.02
numax[23]        47.39    0.02   0.42  46.56   47.1  47.38  47.67  48.22  662.0   1.01
numax[24]         60.4    0.02   0.38  59.64  60.14   60.4  60.66  61.14  645.0   1.01
numax[25]        57.09    0.02   0.47  56.19  56.77  57.09  57.41  58.05  664.0   1.02
numax[26]        81.98    0.02   0.67  80.66  81.52  81.99  82.44  83.25  866.0    1.0
numax[27]        61.97    0.01   0.31  61.37  61.76  61.97  62.18  62.57  717.0   1.01
numax[28]       104.92    0.03   0.61 103.74 104.51 104.92 105.32 106.14  543.0   1.01
numax[29]        49.08    0.02   0.35  48.39  48.84  49.08  49.31  49.76  519.0   1.01
numax[30]        47.79    0.01   0.34   47.1  47.57   47.8  48.02  48.45  647.0    1.0
numax[31]        60.87  9.0e-3   0.22  60.42  60.71  60.87  61.02  61.31  621.0   1.01
numax[32]        70.78    0.01   0.35  70.13  70.54  70.77  71.01  71.52  681.0    1.0
numax[33]        70.81    0.01   0.36   70.1  70.57  70.81  71.05  71.52  690.0    1.0
numax[34]        53.49    0.01    0.3  52.92  53.29  53.49  53.69  54.09  762.0    1.0
numax[35]        49.14    0.02   0.31  48.54  48.92  49.13  49.35  49.76  330.0   1.01
numax[36]        71.12    0.02   0.45  70.25  70.81  71.12  71.42  71.99  767.0   1.01
numax[37]        77.41    0.02   0.46   76.5   77.1  77.41  77.72  78.33  464.0   1.02
numax[38]        85.39    0.01   0.43  84.55  85.09  85.38  85.68  86.25 1115.0    1.0
numax[39]        75.91    0.01   0.32  75.29  75.69  75.91  76.13  76.54  484.0   1.01
numax[40]         76.8    0.02   0.46  75.91  76.49  76.79   77.1  77.72  568.0   1.01
numax[41]        46.91    0.01   0.32  46.24   46.7  46.92  47.13  47.53  540.0   1.01
numax[42]        94.78    0.01   0.36  94.08  94.53  94.78  95.03   95.5  628.0   1.01
numax[43]        53.49    0.01    0.3  52.91  53.28  53.49  53.69  54.08  813.0    1.0
numax[44]        61.35    0.01   0.25  60.87  61.18  61.36  61.53  61.84  614.0   1.01
numax[45]        50.87    0.01   0.28  50.31  50.68  50.88  51.06  51.42  680.0   1.01
numax[46]        48.71  4.0e-3   0.14  48.45  48.62  48.71  48.81  48.98 1154.0    1.0
numax[47]        94.79    0.01   0.37  94.07  94.55   94.8  95.04   95.5  653.0   1.01
numax[48]        89.33  9.3e-3   0.25  88.84  89.16  89.34  89.51  89.82  751.0   1.01
numax[49]        61.62    0.02    0.4  60.83  61.36  61.62  61.88  62.41  685.0    1.0
numax[50]        75.71    0.03   0.74  74.25   75.2  75.72  76.24  77.14  508.0    1.0
numax[51]        50.95    0.01   0.32  50.35  50.74  50.95  51.16  51.59  562.0   1.01
numax[52]        87.37    0.03   0.63  86.13  86.94  87.38  87.81  88.58  477.0   1.01
numax[53]        61.41    0.02    0.4  60.63  61.14  61.41  61.68   62.2  675.0    1.0
numax[54]       104.91    0.02   0.58 103.77 104.51 104.91  105.3 106.09  646.0   1.01
numax[55]        48.19  7.8e-3   0.21  47.77  48.04  48.19  48.33  48.61  760.0   1.01
numax[56]         93.6    0.02   0.54  92.54  93.23  93.59  93.96  94.69  849.0    1.0
numax[57]        51.49  9.8e-3   0.27  50.97  51.31  51.49  51.66  52.02  747.0    1.0
numax[58]        48.85    0.02   0.41  48.06  48.57  48.85  49.12  49.65  477.0   1.01
numax[59]        68.56    0.02    0.6  67.36  68.17  68.57  68.96  69.71  757.0   1.01
numax[60]        49.35    0.02   0.32  48.72  49.13  49.34  49.56  49.99  444.0   1.01
phi[1]            0.75    0.01   0.34   0.08   0.52   0.75   0.98   1.42  527.0   1.01
phi[2]            2.06  5.5e-3   0.13   1.79   1.97   2.06   2.15   2.32  602.0    1.0
phi[3]            2.91    0.97   1.39   1.68   2.03   2.22   3.82   5.53    2.0   7.18
phi[4]            0.75    0.47   2.78  -5.51  -0.32   0.91   2.27   5.62   35.0   1.11
phi[5]            1.57 10.0e-3   0.26   1.04    1.4   1.57   1.75   2.08  695.0    1.0
phi[6]            2.26    0.17   0.26   1.68   2.11   2.34   2.44    2.6    2.0   2.42
phi[7]            1.14  8.9e-3   0.24   0.69   0.97   1.13   1.29   1.61  705.0   1.01
phi[8]            1.53  7.0e-3   0.15   1.23   1.42   1.52   1.63   1.83  482.0   1.01
phi[9]            1.76    0.02    0.4   0.93    1.5   1.81   2.06   2.41  318.0   1.01
phi[10]           1.58    0.01    0.2   1.19   1.44   1.58   1.71   1.98  338.0    1.0
phi[11]           0.26  8.4e-3   0.21  -0.17   0.11   0.26    0.4   0.67  652.0   1.01
phi[12]           0.97    0.06   0.61  -0.01   0.51   0.96   1.33   2.52  113.0   1.03
phi[13]           1.15  9.4e-3   0.24    0.7   0.98   1.14    1.3   1.63  634.0    1.0
phi[14]          -0.45    0.25   3.63  -5.92  -4.07  -0.66   2.21   5.92  209.0   1.02
phi[15]           1.76    0.03   0.34   1.29   1.56   1.72    1.9   2.38  123.0   1.02
phi[16]           0.84  8.6e-3   0.23    0.4   0.68   0.83   0.99   1.31  701.0   1.01
phi[17]          -0.12  2.4e-3   0.04  -0.21  -0.15  -0.12   -0.1  -0.04  282.0   1.02
phi[18]           2.06  9.2e-3   0.21   1.63   1.91   2.06    2.2   2.46  537.0    1.0
phi[19]           2.32  9.2e-3   0.19   1.94   2.19   2.31   2.44   2.71  436.0   1.01
phi[20]           1.72    0.97   1.39   0.35   0.83   1.07   2.64   4.44    2.0   5.07
phi[21]           2.44    0.87    1.5   0.86   1.21   1.49   4.26   4.75    3.0   2.42
phi[22]           2.05  5.9e-3   0.14   1.79   1.96   2.05   2.14   2.33  530.0   1.02
phi[23]           0.02    0.28   0.54  -0.75  -0.36   -0.1   0.27   1.32    4.0   1.51
phi[24]           1.94    0.01   0.23   1.49   1.79   1.94    2.1   2.41  422.0   1.01
phi[25]           0.42    0.73   3.83  -6.19   -2.7   0.07   3.33   6.21   28.0   1.16
phi[26]          -0.74    0.87   1.83  -5.06  -2.35  -0.14   0.43   1.71    4.0   1.74
phi[27]           1.47    1.09   1.81  -1.61   0.45   1.83   2.19   5.45    3.0   2.29
phi[28]           1.45  8.3e-3   0.24    1.0   1.29   1.44    1.6   1.94  826.0   1.01
phi[29]           0.62  7.7e-3   0.19   0.26   0.49   0.62   0.75    1.0  600.0    1.0
phi[30]           1.46    0.01   0.27   0.91   1.29   1.47   1.64   1.97  616.0    1.0
phi[31]           1.91  5.0e-3   0.13   1.64   1.82   1.91    2.0   2.17  736.0    1.0
phi[32]           2.47  9.4e-3   0.24   1.98   2.31   2.48   2.63    2.9  642.0   1.01
phi[33]           2.48  9.5e-3   0.24    2.0   2.32   2.49   2.66   2.91  611.0   1.01
phi[34]           1.51    0.01   0.29   0.94   1.33   1.52    1.7   2.07  643.0    1.0
phi[35]            2.3    0.01   0.18   1.95   2.17   2.29   2.42   2.66  303.0   1.01
phi[36]           0.39    0.02   0.38  -0.39   0.15   0.41   0.65   1.08  457.0   1.01
phi[37]           0.72    0.01   0.25   0.19   0.57   0.72   0.88   1.18  397.0   1.01
phi[38]          -0.13    0.27   3.53  -5.81  -3.39  -0.13   2.66   5.84  169.0   1.04
phi[39]           2.18  7.1e-3   0.15   1.88   2.08   2.18   2.29   2.48  466.0   1.01
phi[40]           1.74  9.0e-3    0.2   1.36    1.6   1.73   1.87   2.15  496.0    1.0
phi[41]           0.32  8.2e-3   0.22   -0.1   0.18   0.33   0.47   0.73  697.0    1.0
phi[42]           2.26  6.2e-3   0.14   1.99   2.16   2.26   2.35   2.54  516.0   1.01
phi[43]           1.53    0.02   0.31   0.95   1.33   1.52   1.72   2.17  332.0   1.04
phi[44]           2.02  7.3e-3   0.17   1.69    1.9   2.02   2.14   2.37  572.0   1.01
phi[45]           2.02    0.01   0.26    1.6   1.84   1.99   2.16   2.57  415.0   1.02
phi[46]           1.91     0.6   2.88  -4.14  -0.07   2.31   4.27   6.05   23.0   1.11
phi[47]           2.27  6.0e-3   0.14    2.0   2.17   2.26   2.36   2.56  579.0   1.01
phi[48]           2.56  8.3e-3   0.21   2.13   2.43   2.56    2.7   2.98  655.0   1.01
phi[49]           1.83    0.96   1.38   0.62   0.95   1.16   2.69   4.51    2.0   6.24
phi[50]           1.19    0.01   0.28   0.65    1.0   1.19   1.38   1.73  549.0    1.0
phi[51]           2.25  8.2e-3    0.2   1.88   2.12   2.25   2.38   2.66  585.0   1.01
phi[52]           2.84    0.01   0.26   2.34   2.67   2.85   3.03   3.34  488.0   1.01
phi[53]           1.62    0.01   0.24   1.14   1.47   1.62   1.78   2.11  502.0   1.01
phi[54]           1.45  8.4e-3   0.23   1.01   1.29   1.44    1.6   1.93  784.0    1.0
phi[55]           1.62    0.03   0.49   0.79   1.28   1.54    1.9   2.74  383.0   1.01
phi[56]            1.0    2.24   3.53  -4.72  -1.52   1.87    4.8    5.7    2.0   2.82
phi[57]           1.61  6.4e-3   0.17   1.28   1.49   1.61   1.72   1.93  685.0    1.0
phi[58]           0.62  9.9e-3   0.24   0.15   0.46   0.62   0.79    1.1  612.0   1.01
phi[59]           0.25  9.0e-3   0.22  -0.19   0.11   0.26    0.4   0.66  580.0    1.0
phi[60]           1.11    0.01   0.24   0.64   0.96   1.11   1.27   1.58  553.0   1.01
G[1]              2.45  4.7e-3   0.12   2.24   2.37   2.45   2.53    2.7  637.0   1.01
G[2]              3.17  2.0e-3   0.06   3.05   3.12   3.17   3.21   3.29  944.0   1.01
G[3]              2.53     0.4   0.58   1.49   1.94   2.77   2.91    3.2    2.0   3.95
G[4]              3.47    0.05   0.76   1.77   2.98   3.53    4.0   4.82  224.0   1.01
G[5]              3.06  6.4e-3   0.21   2.63   2.93   3.06   3.19   3.46 1088.0    1.0
G[6]              2.17    0.16   0.24   1.71    2.0   2.26   2.35   2.48    2.0   2.86
G[7]              3.71  6.9e-3    0.2   3.35   3.57   3.69   3.83   4.14  850.0   1.01
G[8]              2.77  2.7e-3   0.09    2.6   2.71   2.76   2.82   2.95 1031.0    1.0
G[9]              2.83    0.03   0.54   2.21   2.46   2.68   3.03   4.32  291.0   1.01
G[10]             2.73    0.02   0.35   2.23   2.45   2.68   2.94   3.54  340.0   1.01
G[11]             5.14    0.01   0.35   4.51   4.89   5.12   5.37   5.87  835.0    1.0
G[12]             2.78    0.04   0.48   1.73   2.47   2.67   3.09   3.81  155.0   1.02
G[13]             3.71  7.5e-3    0.2   3.36   3.57   3.69   3.83   4.16  733.0    1.0
G[14]             2.89    0.02    0.7   1.62   2.37   2.87   3.37   4.29  894.0    1.0
G[15]             2.27  9.0e-3   0.14   2.05   2.18   2.26   2.36   2.55  232.0   1.01
G[16]             2.95    0.02   0.35   2.41    2.7   2.89   3.13   3.81  445.0    1.0
G[17]              6.1  8.9e-4   0.03   6.04   6.08   6.09   6.11   6.15 1049.0   1.01
G[18]             2.48  5.7e-3   0.13   2.22   2.39   2.48   2.57   2.74  559.0    1.0
G[19]             2.46  4.6e-3    0.1   2.25    2.4   2.46   2.53   2.67  490.0   1.01
G[20]             3.98    0.01   0.37   3.33   3.72   3.96   4.21   4.77  759.0   1.01
G[21]             3.58    0.08   0.66   1.91   3.36   3.67   3.97   4.62   72.0   1.03
G[22]             3.17  1.9e-3   0.06   3.05   3.12   3.16   3.21   3.29 1017.0   1.01
G[23]             2.73    0.45   0.71   1.43    2.6   2.97   3.19   3.73    2.0    2.3
G[24]             2.42  4.6e-3   0.11   2.21   2.35   2.42   2.49   2.65  550.0   1.01
G[25]              3.7    0.12   0.87   1.25   3.49   3.87   4.22   4.89   55.0   1.11
G[26]             3.57    0.11   1.01   1.72   2.54    3.9   4.38   5.09   90.0   1.02
G[27]             3.16    0.02   0.42   2.45   2.87   3.11   3.41   4.09  742.0    1.0
G[28]             3.62  8.0e-3   0.23   3.21   3.46    3.6   3.76   4.12  845.0    1.0
G[29]             3.54  8.3e-3   0.24   3.17   3.38   3.51   3.67    4.1  812.0    1.0
G[30]             2.98    0.01   0.29   2.53   2.79   2.95   3.14   3.63  680.0    1.0
G[31]              2.6  2.3e-3   0.08   2.45   2.55    2.6   2.65   2.75 1039.0    1.0
G[32]             2.69  9.8e-3   0.23   2.29   2.52   2.68   2.85   3.16  549.0   1.02
G[33]             2.69    0.01   0.22    2.3   2.53   2.68   2.83   3.14  452.0   1.01
G[34]              3.2    0.02   0.38    2.6   2.94   3.15   3.41   4.09  434.0   1.01
G[35]             2.51  5.7e-3   0.15   2.23    2.4   2.51   2.61   2.81  695.0    1.0
G[36]             3.34    0.01   0.24   2.95   3.18   3.32   3.48    3.9  423.0   1.01
G[37]             3.19    0.01   0.21   2.86   3.06   3.17    3.3   3.68  371.0   1.01
G[38]             2.83    0.02   0.68   1.61   2.33   2.81    3.3   4.21  812.0   1.01
G[39]             2.53  4.6e-3   0.12   2.29   2.45   2.52    2.6   2.77  682.0   1.01
G[40]             2.68  6.8e-3   0.18   2.36   2.56   2.67    2.8   3.06  690.0   1.01
G[41]             3.11  4.9e-3   0.13   2.87   3.02   3.11   3.19    3.4  728.0   1.01
G[42]             3.13  4.0e-3    0.1   2.95   3.06   3.13   3.19   3.35  660.0   1.01
G[43]             2.96    0.21   0.63   1.45   2.82   3.05   3.31   3.95    9.0   1.95
G[44]             2.62  3.7e-3   0.11   2.42   2.55   2.62    2.7   2.85  890.0    1.0
G[45]             3.26    0.02   0.46   2.39   2.96   3.25   3.55   4.25  498.0   1.01
G[46]             3.47    0.04   0.61   2.36   3.01   3.47   3.94   4.51  250.0   1.03
G[47]             3.13  3.4e-3    0.1   2.94   3.06   3.12   3.19   3.34  870.0   1.01
G[48]              2.8  8.4e-3    0.2   2.46   2.66   2.79   2.92   3.23  570.0   1.01
G[49]             3.72    0.01   0.29   3.26   3.52   3.68   3.88   4.39  610.0   1.01
G[50]             3.36  5.7e-3   0.18   3.02   3.24   3.36   3.47   3.73  950.0    1.0
G[51]             2.32  5.0e-3   0.11   2.14   2.24   2.31   2.39   2.55  462.0   1.01
G[52]             2.53  2.4e-3   0.08   2.39   2.48   2.53   2.58   2.68  967.0    1.0
G[53]             2.77  5.0e-3   0.14   2.49   2.68   2.77   2.86   3.05  813.0    1.0
G[54]             3.63  9.4e-3   0.25   3.21   3.46    3.6   3.77   4.17  688.0    1.0
G[55]             2.19    0.01   0.23   1.73   2.01   2.21   2.36   2.59  461.0   1.01
G[56]             3.26    0.03   0.59   2.17   2.87   3.25   3.64   4.42  296.0   1.02
G[57]             3.42    0.01   0.34   2.81   3.18   3.39   3.64   4.15  734.0    1.0
G[58]             2.91  4.7e-3   0.14   2.64   2.82   2.91    3.0   3.21  939.0    1.0
G[59]             5.14    0.01   0.36   4.51   4.89   5.12   5.36   5.91  737.0    1.0
G[60]             2.83  4.4e-3   0.14   2.57   2.74   2.82   2.92   3.15 1053.0   1.01
epsilon_std[1]   -0.53    0.02   0.19  -0.93  -0.66  -0.53  -0.41  -0.15  158.0   1.02
epsilon_std[2]    0.29    0.04   0.25   -0.2   0.11   0.29   0.46   0.78   51.0   1.07
epsilon_std[3]   -0.19    0.02   0.18  -0.56  -0.32  -0.19  -0.06   0.18   58.0   1.08
epsilon_std[4]   -1.45    0.03    0.5  -2.32  -1.78   -1.5  -1.17  -0.29  321.0   1.01
epsilon_std[5]    0.15    0.02   0.18  -0.22   0.04   0.15   0.27   0.49   69.0   1.05
epsilon_std[6]     0.3    0.03   0.25   -0.2   0.14    0.3   0.47    0.8   55.0   1.07
epsilon_std[7]   -1.32    0.02   0.24  -1.82  -1.48  -1.32  -1.15  -0.87  201.0   1.02
epsilon_std[8]   -0.09    0.02   0.18  -0.46  -0.21  -0.09   0.03   0.24   96.0   1.04
epsilon_std[9]   -0.15    0.02   0.23  -0.59   -0.3  -0.15 8.1e-3   0.29  106.0   1.02
epsilon_std[10]  -0.12    0.02   0.22  -0.54  -0.27  -0.13   0.02   0.32  136.0   1.03
epsilon_std[11]   0.24    0.02   0.18  -0.11   0.12   0.24   0.36   0.59   74.0   1.07
epsilon_std[12]  -0.59    0.02   0.21  -1.03  -0.73  -0.59  -0.44  -0.18  130.0   1.01
epsilon_std[13]  -1.32    0.02   0.22  -1.78  -1.47  -1.31  -1.16   -0.9  183.0   1.02
epsilon_std[14]   0.23    0.02   0.25  -0.28   0.05   0.23    0.4   0.69  107.0   1.04
epsilon_std[15]   0.23    0.01   0.16  -0.08   0.13   0.23   0.34   0.56  133.0   1.05
epsilon_std[16]  -0.48    0.02    0.2  -0.88  -0.61  -0.47  -0.34  -0.09  148.0   1.03
epsilon_std[17]   0.05    0.03   0.47  -0.91  -0.25   0.05   0.35   0.96  251.0   1.02
epsilon_std[18]  -0.13    0.01   0.17  -0.48  -0.24  -0.13  -0.02    0.2  148.0   1.04
epsilon_std[19]-2.7e-3    0.02   0.15   -0.3   -0.1-1.3e-3   0.09   0.29   64.0   1.07
epsilon_std[20]   0.19    0.02   0.18  -0.14   0.07   0.19   0.32   0.56  131.0   1.04
epsilon_std[21]  -0.04    0.02   0.24  -0.52   -0.2  -0.05   0.12   0.45  170.0   1.02
epsilon_std[22]   0.29    0.03   0.25   -0.2   0.12    0.3   0.47   0.79   56.0   1.06
epsilon_std[23]  -0.04    0.02   0.23   -0.5   -0.2  -0.05   0.12   0.42  166.0   1.03
epsilon_std[24]   0.18    0.02   0.18  -0.16   0.06   0.18    0.3   0.53   80.0   1.05
epsilon_std[25]  -0.73    0.02   0.24  -1.21  -0.89  -0.72  -0.56  -0.29  130.0   1.01
epsilon_std[26]   0.04    0.02   0.26  -0.45  -0.13   0.02   0.19   0.59  241.0   1.02
epsilon_std[27]   0.02    0.02   0.16  -0.31  -0.09   0.01   0.12   0.34   67.0   1.06
epsilon_std[28]  -0.34    0.03   0.25  -0.82  -0.53  -0.35  -0.17   0.14   81.0   1.06
epsilon_std[29]   0.31    0.02    0.2  -0.08   0.18   0.31   0.45   0.68  102.0   1.03
epsilon_std[30]  -0.21    0.02   0.23  -0.66  -0.36  -0.21  -0.05   0.22  101.0   1.02
epsilon_std[31]  -0.09    0.02   0.14  -0.37  -0.18  -0.09-1.7e-4    0.2   79.0   1.06
epsilon_std[32]  -0.44    0.02   0.18  -0.81  -0.55  -0.44  -0.31  -0.09  115.0   1.06
epsilon_std[33]  -0.44    0.02   0.18  -0.81  -0.56  -0.44  -0.31   -0.1   62.0   1.06
epsilon_std[34]  -0.26    0.02   0.21  -0.67  -0.39  -0.25  -0.12   0.15  113.0   1.03
epsilon_std[35]  -0.09    0.02    0.2  -0.47  -0.22  -0.09   0.05   0.29  101.0   1.04
epsilon_std[36]  -0.75    0.01   0.21  -1.17  -0.89  -0.75  -0.61  -0.35  250.0   1.01
epsilon_std[37]  -0.43    0.02   0.19  -0.82  -0.56  -0.43   -0.3  -0.09  114.0   1.07
epsilon_std[38]   0.24    0.03   0.25  -0.25   0.07   0.24   0.41   0.75   80.0   1.05
epsilon_std[39]   0.12    0.02   0.17   -0.2 7.6e-3   0.12   0.24   0.45   55.0   1.08
epsilon_std[40]   0.18    0.02   0.19  -0.19   0.04   0.18   0.31   0.54   73.0   1.06
epsilon_std[41]  -0.42    0.02    0.2  -0.82  -0.55  -0.42  -0.29  -0.04  103.0   1.02
epsilon_std[42]  -0.13    0.03   0.23  -0.58  -0.28  -0.13   0.02   0.34   71.0   1.06
epsilon_std[43]  -0.26    0.02    0.2  -0.67   -0.4  -0.26  -0.12   0.14  146.0   1.02
epsilon_std[44]   0.04    0.02   0.15  -0.25  -0.06   0.04   0.15   0.33   67.0   1.06
epsilon_std[45]  -0.24    0.02    0.2  -0.62  -0.37  -0.24  -0.11   0.15  150.0   1.03
epsilon_std[46]   1.08    0.04   0.65  -0.26   0.65   1.09   1.52   2.33  249.0    1.0
epsilon_std[47]  -0.13    0.02   0.22  -0.54  -0.29  -0.13   0.03    0.3   82.0   1.06
epsilon_std[48]  -0.08    0.03   0.22  -0.52  -0.23  -0.08   0.07   0.33   51.0   1.08
epsilon_std[49]   0.55    0.02   0.19   0.18   0.41   0.54   0.67   0.94   97.0   1.05
epsilon_std[50]  -0.47    0.02   0.21  -0.89  -0.61  -0.47  -0.33  -0.06  132.0   1.03
epsilon_std[51]   0.35    0.02   0.18-9.9e-3   0.22   0.35   0.48    0.7   80.0   1.06
epsilon_std[52]   6.59    0.05   0.66   5.28   6.15   6.58   7.02    7.9  167.0   1.04
epsilon_std[53]   0.48    0.02   0.18   0.12   0.35   0.47    0.6   0.83   72.0   1.08
epsilon_std[54]  -0.34    0.03   0.25  -0.84  -0.52  -0.35  -0.17   0.16   72.0   1.06
epsilon_std[55]   0.07    0.02   0.17  -0.27  -0.04   0.07   0.18   0.41  106.0   1.04
epsilon_std[56]   0.18    0.03   0.37  -0.53  -0.08   0.17   0.42   0.93  119.0   1.04
epsilon_std[57]    0.1    0.02   0.21  -0.34  -0.05    0.1   0.24   0.51   95.0   1.04
epsilon_std[58]  -0.52    0.02   0.22  -0.96  -0.66  -0.52  -0.37   -0.1  122.0   1.03
epsilon_std[59]   0.24    0.01   0.17   -0.1   0.12   0.24   0.35   0.58  150.0   1.05
epsilon_std[60]  -0.03    0.02   0.19  -0.39  -0.15  -0.03    0.1   0.33   91.0   1.03
eps_std           0.12  9.3e-4   0.01    0.1   0.11   0.12   0.13   0.15  188.0   1.03
epsA             -0.21    0.02   0.13  -0.45   -0.3  -0.22  -0.13   0.04   70.0   1.03
epsB              0.18  8.4e-3   0.07   0.04   0.13   0.18   0.23   0.31   69.0   1.03
alpha_std[1]     -0.09    0.02   0.13  -0.35  -0.18  -0.09 2.4e-3   0.18   36.0   1.11
alpha_std[2]     -0.01    0.02    0.1  -0.22  -0.08-9.9e-3   0.06   0.18   29.0   1.14
alpha_std[3]      0.17    0.02   0.12  -0.06   0.09   0.16   0.25   0.39   34.0   1.12
alpha_std[4]      0.58    0.02   0.34  -0.19   0.39    0.6    0.8   1.18  245.0   1.01
alpha_std[5]      0.05    0.02   0.12  -0.18  -0.03   0.05   0.13   0.28   32.0   1.13
alpha_std[6]      0.08    0.02   0.11  -0.14   0.01   0.08   0.16   0.28   30.0   1.12
alpha_std[7]      0.05    0.02   0.13  -0.21  -0.04   0.05   0.14   0.29   39.0   1.11
alpha_std[8]      0.21    0.02   0.13  -0.03   0.12   0.21   0.29   0.46   31.0   1.14
alpha_std[9]      0.42    0.02   0.17   0.12    0.3   0.41   0.53   0.79   53.0   1.06
alpha_std[10]     0.54    0.02    0.2    0.2    0.4   0.52   0.65   0.99   73.0   1.07
alpha_std[11]    -0.28    0.02   0.13  -0.54  -0.37  -0.28  -0.19  -0.04   42.0   1.08
alpha_std[12]    -0.01    0.02   0.16  -0.33  -0.12  -0.01   0.09    0.3   50.0    1.1
alpha_std[13]     0.04    0.02   0.13  -0.22  -0.05   0.04   0.14    0.3   37.0    1.1
alpha_std[14]     0.22    0.02   0.17  -0.12    0.1   0.21   0.33   0.55   87.0   1.04
alpha_std[15]     0.12    0.02   0.14  -0.15   0.02   0.12   0.21   0.39   43.0   1.09
alpha_std[16]     0.43    0.02   0.22   0.07   0.29   0.41   0.56   0.92  118.0   1.03
alpha_std[17]    -7.23    0.04   0.66  -8.61  -7.65  -7.21  -6.78  -5.98  328.0   1.01
alpha_std[18]     0.21    0.02   0.12  -0.02   0.12   0.21   0.29   0.44   32.0   1.14
alpha_std[19]     0.27    0.02   0.11   0.05   0.19   0.27   0.35   0.49   30.0   1.14
alpha_std[20]     0.13    0.02   0.18  -0.19   0.01   0.12   0.25    0.5   51.0   1.07
alpha_std[21]     0.48    0.02   0.24   0.04   0.32   0.47   0.64   0.98   98.0   1.04
alpha_std[22]    -0.01    0.02    0.1  -0.22  -0.08-9.0e-3   0.06   0.18   29.0   1.13
alpha_std[23]     0.22    0.02   0.17  -0.12   0.11   0.22   0.34   0.56   54.0   1.08
alpha_std[24]     0.12    0.02   0.13  -0.13   0.03   0.12   0.21   0.37   34.0   1.11
alpha_std[25]    -0.14    0.02   0.15  -0.44  -0.24  -0.14  -0.04   0.16   57.0   1.06
alpha_std[26]    -0.09    0.02    0.2  -0.45  -0.23  -0.11   0.03   0.33   95.0   1.05
alpha_std[27]     0.22    0.02   0.13  -0.02   0.13   0.21    0.3    0.5   37.0    1.1
alpha_std[28]     0.06    0.02   0.11  -0.15-8.7e-3   0.06   0.14   0.26   31.0   1.13
alpha_std[29]     0.04    0.02   0.13  -0.22  -0.05   0.03   0.12    0.3   34.0   1.11
alpha_std[30]     0.47    0.02   0.23   0.04   0.31   0.46   0.62   0.95   96.0   1.04
alpha_std[31]     0.18    0.02   0.12  -0.04    0.1   0.18   0.26   0.41   30.0   1.14
alpha_std[32]     0.08    0.02   0.12  -0.16 1.2e-3   0.08   0.17   0.31   34.0   1.11
alpha_std[33]     0.08    0.02   0.12  -0.15-5.3e-3   0.08   0.17   0.32   37.0   1.11
alpha_std[34]     0.28    0.02   0.18  -0.05   0.15   0.27   0.38   0.66   54.0   1.08
alpha_std[35]     0.38    0.02   0.14   0.11   0.28   0.38   0.47   0.65   39.0    1.1
alpha_std[36]    -0.02    0.02   0.13  -0.28  -0.11  -0.02   0.07   0.22   38.0   1.11
alpha_std[37]      0.1    0.02   0.11  -0.13   0.02    0.1   0.18   0.32   31.0   1.13
alpha_std[38]     0.22    0.02   0.18  -0.12    0.1   0.21   0.34   0.59   68.0   1.06
alpha_std[39]     0.13    0.02   0.11  -0.09   0.05   0.13   0.21   0.35   32.0   1.13
alpha_std[40]     0.24    0.02   0.12-1.6e-3   0.15   0.24   0.32   0.48   37.0    1.1
alpha_std[41]     0.03    0.02   0.13  -0.23  -0.06   0.03   0.12   0.29   42.0    1.1
alpha_std[42]      0.1    0.02   0.11  -0.12   0.02    0.1   0.17    0.3   30.0   1.13
alpha_std[43]     0.26    0.02   0.17  -0.04   0.14   0.25   0.37   0.62   50.0   1.09
alpha_std[44]     0.09    0.02   0.12  -0.14   0.01   0.09   0.18   0.31   30.0   1.14
alpha_std[45]     0.56    0.02   0.21   0.18   0.41   0.54   0.69   1.03  131.0   1.03
alpha_std[46]     -0.4    0.02   0.12  -0.66  -0.49   -0.4  -0.32  -0.17   48.0   1.07
alpha_std[47]      0.1    0.02   0.11  -0.12   0.02    0.1   0.17    0.3   29.0   1.14
alpha_std[48]     0.22    0.02   0.12-7.9e-3   0.13   0.22    0.3   0.46   35.0   1.12
alpha_std[49]      0.2    0.02   0.14  -0.05   0.11    0.2   0.29   0.48   35.0   1.12
alpha_std[50]    -0.04    0.02   0.11  -0.26  -0.11  -0.03   0.04   0.18   30.0   1.13
alpha_std[51]    -0.03    0.02   0.12  -0.28  -0.12  -0.03   0.05    0.2   35.0   1.11
alpha_std[52]     0.15    0.02   0.14  -0.11   0.06   0.15   0.24   0.42   40.0    1.1
alpha_std[53]    -0.08    0.02   0.12  -0.32  -0.16  -0.08-2.4e-3   0.14   32.0   1.12
alpha_std[54]     0.06    0.02   0.11  -0.16  -0.01   0.06   0.14   0.27   31.0   1.12
alpha_std[55]     0.36    0.02   0.14    0.1   0.27   0.36   0.46   0.63   39.0    1.1
alpha_std[56]      0.2    0.02   0.29  -0.31 1.9e-3   0.17   0.37   0.85  262.0   1.01
alpha_std[57]     0.61    0.02   0.23   0.18   0.45    0.6   0.76    1.1  131.0   1.03
alpha_std[58]     0.07    0.02   0.17  -0.26  -0.04   0.07   0.19    0.4   51.0   1.07
alpha_std[59]    -0.28    0.02   0.13  -0.55  -0.37  -0.28  -0.19  -0.04   42.0   1.09
alpha_std[60]     0.19    0.02   0.14  -0.08    0.1   0.19   0.29   0.46   40.0    1.1
al_std            0.02  8.2e-5 1.4e-3   0.01   0.01   0.02   0.02   0.02  300.0   1.02
alA               0.02  4.7e-4 3.2e-3   0.01   0.02   0.02   0.02   0.02   46.0    1.1
alB                0.3  3.5e-3   0.07   0.15   0.25    0.3   0.35   0.44  429.0   1.01
A_std[1]          1.06    0.02   0.38   0.46    0.8   1.01   1.28   1.93  559.0   1.01
A_std[2]          0.28    0.01    0.1   0.08   0.21   0.28   0.35   0.49   87.0   1.04
A_std[3]         -0.28    0.31   0.46  -1.19  -0.58  -0.18   0.02   0.45    2.0   3.53
A_std[4]         -0.51    0.09   0.65  -1.77   -1.1  -0.32  -0.05   0.53   55.0   1.08
A_std[5]         -0.35    0.03   0.18   -0.7  -0.46  -0.35  -0.23-1.2e-3   38.0   1.07
A_std[6]         -0.12    0.68    1.0  -2.17  -0.68   0.28   0.48   1.13    2.0   3.71
A_std[7]          0.17    0.01   0.19  -0.19   0.04   0.17   0.29   0.53  160.0   1.03
A_std[8]          0.22    0.02   0.18  -0.13    0.1   0.22   0.34   0.58  125.0   1.04
A_std[9]          0.12    0.03   0.46  -0.51  -0.19   0.02   0.31   1.34  320.0   1.01
A_std[10]         0.57    0.02   0.37   0.04   0.31   0.49   0.74    1.5  333.0   1.02
A_std[11]        -0.06    0.02   0.15  -0.34  -0.15  -0.06   0.04   0.23   59.0   1.07
A_std[12]         0.21    0.03   0.27  -0.23   0.04   0.19   0.35   0.81  101.0   1.04
A_std[13]         0.17    0.02   0.19  -0.19   0.04   0.17    0.3   0.55  105.0   1.04
A_std[14]        -0.52    0.02   0.38  -1.22  -0.75  -0.52   -0.3   0.23  572.0   1.01
A_std[15]         0.38    0.02    0.4  -0.18    0.1    0.3   0.56    1.4  521.0    1.0
A_std[16]         0.21    0.02   0.28  -0.27   0.02   0.18   0.37   0.85  348.0   1.01
A_std[17]         6.13    0.05   0.62   4.94    5.7   6.11   6.54    7.4  188.0   1.04
A_std[18]         0.36    0.01   0.26  -0.08   0.18   0.33   0.51   0.98  348.0   1.02
A_std[19]         0.27    0.02   0.23  -0.11   0.12   0.24   0.39   0.81  221.0   1.03
A_std[20]        -0.42    0.37   0.56  -1.62  -0.74  -0.21  -0.04   0.25    2.0   2.81
A_std[21]        -0.48    0.41   0.79  -1.89  -1.31  -0.16   0.09   0.59    4.0   2.18
A_std[22]         0.28    0.01   0.11   0.08   0.21   0.28   0.35   0.49   76.0   1.05
A_std[23]         0.11     0.2    0.4  -0.46  -0.16   0.02   0.28   1.13    4.0   1.49
A_std[24]          0.8    0.02   0.31   0.32   0.59   0.75   0.94   1.57  256.0   1.03
A_std[25]        -0.56    0.08    0.6  -1.64  -1.04  -0.45  -0.22   0.81   62.0   1.06
A_std[26]        -0.26     0.2   0.59  -1.49  -0.48  -0.11   0.11   0.66    9.0   1.33
A_std[27]        -0.61    0.21    0.4  -1.41  -0.97  -0.47   -0.3  -0.05    4.0   1.74
A_std[28]         0.02    0.02   0.15  -0.26  -0.08   0.02   0.12   0.32   92.0   1.04
A_std[29]        -0.07    0.02   0.17  -0.42  -0.19  -0.07   0.04   0.26   67.0   1.07
A_std[30]         0.09    0.02   0.23  -0.35  -0.07   0.09   0.25   0.56  153.0   1.03
A_std[31]         0.28    0.02   0.15  -0.02   0.18   0.27   0.38   0.57   99.0   1.04
A_std[32]         0.26    0.02   0.29  -0.16   0.07   0.22    0.4   0.95  285.0   1.03
A_std[33]         0.26    0.02   0.28  -0.16   0.07   0.22   0.39    0.9  237.0   1.02
A_std[34]        -0.15    0.03   0.18   -0.5  -0.27  -0.15  -0.03   0.22   33.0   1.08
A_std[35]         0.66    0.02   0.36    0.1   0.41   0.61   0.84   1.52  544.0   1.01
A_std[36]         0.46    0.01   0.18   0.12   0.34   0.46   0.58   0.81  151.0   1.03
A_std[37]         0.08    0.01   0.19   -0.3  -0.04   0.08   0.21   0.44  214.0   1.03
A_std[38]        -0.54    0.02    0.4  -1.29  -0.79  -0.55  -0.31    0.3  347.0   1.01
A_std[39]         0.42    0.01   0.19    0.1   0.29   0.41   0.53   0.83  163.0   1.03
A_std[40]         0.38    0.01   0.23 3.4e-4   0.22   0.35   0.51   0.91  324.0   1.01
A_std[41]         0.17    0.02   0.24  -0.32   0.01   0.17   0.33   0.64  166.0   1.03
A_std[42]         0.14    0.01   0.11  -0.08   0.06   0.14   0.22   0.36   72.0   1.06
A_std[43]        -0.07    0.09   0.29  -0.51  -0.25  -0.12   0.04   0.76   11.0   1.54
A_std[44]         0.05    0.02   0.19  -0.32  -0.08   0.05   0.17   0.41   99.0   1.04
A_std[45]         0.01    0.02   0.21   -0.4  -0.13 9.8e-3   0.15   0.42   95.0   1.05
A_std[46]        -0.21    0.34   0.51  -1.28  -0.46  -0.02   0.11   0.44    2.0    3.1
A_std[47]         0.14    0.01   0.11  -0.08   0.06   0.14   0.21   0.37   73.0   1.05
A_std[48]         0.22    0.02   0.17  -0.11    0.1   0.22   0.33   0.57  117.0   1.04
A_std[49]        -0.29    0.52   0.75  -1.87  -0.73   0.05    0.2   0.47    2.0   4.17
A_std[50]          0.1    0.01   0.17  -0.24  -0.01    0.1   0.21   0.44  172.0   1.03
A_std[51]          0.6    0.03   0.46  -0.12   0.29   0.54   0.86   1.71  319.0   1.01
A_std[52]         2.16    0.02   0.36   1.47   1.91   2.15    2.4    2.9  458.0   1.01
A_std[53]         0.12    0.01    0.2  -0.27  -0.01   0.12   0.25    0.5  209.0   1.02
A_std[54]         0.02    0.02   0.15  -0.29  -0.09   0.01   0.11   0.32   72.0   1.05
A_std[55]          0.2    0.02   0.27  -0.19   0.02   0.15   0.31   0.88  151.0   1.03
A_std[56]        -0.48    0.18   0.75  -1.72  -1.13  -0.53   0.16   0.82   17.0   1.27
A_std[57]         0.29    0.02    0.2   -0.1   0.15   0.28   0.42    0.7  169.0   1.03
A_std[58]         0.46    0.02   0.25  -0.02   0.29   0.46   0.63   0.96  208.0   1.02
A_std[59]        -0.06    0.02   0.14  -0.33  -0.15  -0.06   0.04   0.22   46.0   1.07
A_std[60]        -0.07    0.02   0.22   -0.5  -0.21  -0.06   0.08   0.35   98.0   1.04
A_err             0.03  2.6e-4 3.3e-3   0.02   0.03   0.03   0.03   0.04  163.0   1.06
AA                 0.1  2.0e-3   0.01   0.07   0.09    0.1   0.11   0.13   53.0   1.08
AB                0.83  2.5e-3   0.05   0.74    0.8   0.83   0.87   0.93  354.0   1.01
epsilon[1]        0.02  6.9e-4   0.02-7.8e-3   0.01   0.02   0.03   0.06  555.0   1.01
epsilon[2]        0.21  3.2e-4 7.9e-3   0.19    0.2   0.21   0.22   0.23  612.0    1.0
epsilon[3]        0.12  2.4e-4 6.9e-3   0.11   0.12   0.12   0.13   0.14  831.0    1.0
epsilon[4]       -0.07  3.4e-3   0.06  -0.17  -0.11  -0.08  -0.04   0.06  288.0   1.01
epsilon[5]         0.1  4.7e-4   0.01   0.07   0.09    0.1    0.1   0.12  560.0   1.01
epsilon[6]        0.21  2.7e-4 7.2e-3    0.2   0.21   0.21   0.22   0.22  689.0   1.01
epsilon[7]       -0.07  8.7e-4   0.02  -0.11  -0.08  -0.07  -0.05  -0.03  507.0    1.0
epsilon[8]        0.07  5.3e-4   0.01   0.05   0.06   0.07   0.08    0.1  548.0    1.0
epsilon[9]        0.04  6.2e-4   0.02   0.01   0.03   0.04   0.05   0.07  635.0    1.0
epsilon[10]       0.05  8.9e-4   0.02   0.02   0.04   0.05   0.06   0.08  357.0    1.0
epsilon[11]       0.13  6.7e-4   0.02    0.1   0.12   0.13   0.14   0.17  538.0    1.0
epsilon[12]    -7.9e-3  5.9e-4   0.02  -0.04  -0.02-8.0e-3 2.2e-3   0.02  689.0    1.0
epsilon[13]      -0.07  7.6e-4   0.02   -0.1  -0.08  -0.07  -0.05  -0.03  604.0    1.0
epsilon[14]       0.18  7.4e-4   0.02   0.14   0.17   0.18   0.19   0.22  713.0    1.0
epsilon[15]       0.12  5.3e-4   0.01    0.1   0.12   0.12   0.13   0.15  538.0   1.01
epsilon[16]       0.03  7.5e-4   0.02-2.9e-3   0.02   0.03   0.05   0.07  604.0   1.01
epsilon[17]       0.15  3.2e-3   0.05   0.04   0.12   0.15   0.19   0.26  283.0   1.03
epsilon[18]       0.09  6.2e-4   0.01   0.07   0.08   0.09    0.1   0.12  545.0   1.01
epsilon[19]       0.11  4.0e-4 9.3e-3   0.09    0.1   0.11   0.12   0.13  543.0   1.01
epsilon[20]       0.12  5.7e-4   0.01   0.09   0.11   0.12   0.13   0.14  663.0   1.01
epsilon[21]       0.09  1.4e-3   0.03   0.04   0.08   0.09   0.11   0.14  306.0   1.01
epsilon[22]       0.21  3.3e-4 7.8e-3   0.19   0.21   0.21   0.22   0.23  580.0   1.02
epsilon[23]       0.07  9.1e-4   0.02   0.02   0.05   0.07   0.08    0.1  495.0   1.01
epsilon[24]       0.12  5.8e-4   0.01   0.09   0.11   0.12   0.13   0.14  576.0    1.0
epsilon[25]      -0.01  9.2e-4   0.02  -0.05  -0.03  -0.01-6.5e-4   0.03  478.0   1.02
epsilon[26]       0.14  1.3e-3   0.03   0.09   0.12   0.13   0.15    0.2  422.0   1.02
epsilon[27]       0.11  5.3e-4   0.01   0.08    0.1   0.11   0.12   0.13  577.0   1.01
epsilon[28]       0.12  6.1e-4   0.01    0.1   0.11   0.12   0.13   0.15  533.0   1.01
epsilon[29]       0.11  5.2e-4   0.01   0.08    0.1   0.11   0.12   0.13  608.0   1.01
epsilon[30]       0.04  7.0e-4   0.02 6.0e-3   0.03   0.04   0.05   0.08  678.0    1.0
epsilon[31]       0.09  3.6e-4 9.3e-3   0.07   0.08   0.09   0.09   0.11  681.0    1.0
epsilon[32]       0.07  5.3e-4   0.01   0.04   0.06   0.07   0.08   0.09  655.0   1.01
epsilon[33]       0.07  5.8e-4   0.01   0.04   0.06   0.07   0.08    0.1  571.0    1.0
epsilon[34]       0.05  8.5e-4   0.02   0.02   0.04   0.05   0.07   0.09  462.0   1.01
epsilon[35]       0.06  8.3e-4   0.02   0.03   0.05   0.06   0.07   0.09  345.0   1.01
epsilon[36]       0.02 10.0e-4   0.02  -0.02 1.6e-3   0.02   0.03   0.06  423.0   1.01
epsilon[37]       0.08  6.1e-4   0.01   0.05   0.07   0.08   0.08    0.1  490.0   1.01
epsilon[38]       0.18  8.6e-4   0.02   0.14   0.17   0.18    0.2   0.22  568.0    1.0
epsilon[39]       0.15  4.4e-4 9.9e-3   0.13   0.14   0.15   0.16   0.17  509.0    1.0
epsilon[40]       0.16  6.5e-4   0.01   0.13   0.15   0.16   0.17   0.19  457.0    1.0
epsilon[41]       0.02  5.1e-4   0.01-6.9e-3 8.2e-3   0.02   0.02   0.04  536.0   1.01
epsilon[42]       0.14  3.8e-4 9.4e-3   0.13   0.14   0.14   0.15   0.16  610.0   1.01
epsilon[43]       0.05  6.8e-4   0.02   0.02   0.04   0.05   0.07   0.09  673.0   1.01
epsilon[44]        0.1  4.3e-4   0.01   0.08    0.1    0.1   0.11   0.12  568.0    1.0
epsilon[45]       0.05  7.4e-4   0.02   0.02   0.04   0.05   0.07   0.09  528.0   1.01
epsilon[46]       0.32  5.1e-3   0.08   0.17   0.27   0.32   0.37   0.47  222.0   1.02
epsilon[47]       0.14  4.1e-4 9.6e-3   0.13   0.14   0.14   0.15   0.16  548.0   1.01
epsilon[48]       0.15  3.9e-4 9.7e-3   0.13   0.14   0.15   0.15   0.17  630.0   1.01
epsilon[49]       0.16  7.1e-4   0.02   0.13   0.15   0.16   0.17   0.19  512.0    1.0
epsilon[50]       0.07  8.0e-4   0.02   0.03   0.06   0.07   0.08    0.1  486.0    1.0
epsilon[51]       0.12  4.3e-4   0.01    0.1   0.11   0.12   0.13   0.14  658.0   1.01
epsilon[52]       0.91  1.3e-3   0.03   0.86   0.89   0.91   0.93   0.96  484.0   1.01
epsilon[53]       0.15  5.7e-4   0.01   0.13   0.14   0.15   0.16   0.18  516.0   1.01
epsilon[54]       0.12  5.4e-4   0.01    0.1   0.11   0.12   0.13   0.15  630.0   1.01
epsilon[55]       0.09  4.0e-4   0.01   0.07   0.08   0.09    0.1   0.11  770.0    1.0
epsilon[56]       0.19  2.0e-3   0.03   0.12   0.17   0.19   0.21   0.26  314.0   1.01
epsilon[57]        0.1  7.7e-4   0.02   0.06   0.08    0.1   0.11   0.13  593.0   1.01
epsilon[58]     7.9e-3  7.6e-4   0.02  -0.02-3.0e-3 7.7e-3   0.02   0.04  490.0   1.01
epsilon[59]       0.13  7.3e-4   0.02    0.1   0.12   0.13   0.14   0.17  467.0   1.01
epsilon[60]       0.07  5.5e-4   0.01   0.04   0.06   0.07   0.08   0.09  574.0   1.01
alpha[1]        9.5e-3  3.1e-5 1.2e-3 7.1e-3 8.7e-3 9.6e-3   0.01   0.01 1433.0    1.0
alpha[2]        9.3e-3  3.9e-6 3.2e-4 8.6e-3 9.0e-3 9.3e-3 9.5e-3 9.9e-3 6846.0    1.0
alpha[3]          0.01  2.0e-5 8.2e-4   0.01   0.01   0.01   0.01   0.01 1759.0    1.0
alpha[4]          0.02  2.7e-4 5.0e-3 7.8e-3   0.02   0.02   0.02   0.03  332.0    1.0
alpha[5]          0.01  1.4e-5 7.9e-4   0.01   0.01   0.01   0.01   0.01 3091.0    1.0
alpha[6]          0.01  1.6e-5 5.8e-4 9.5e-3   0.01   0.01   0.01   0.01 1346.0    1.0
alpha[7]          0.01  3.3e-5 1.2e-3 9.3e-3   0.01   0.01   0.01   0.01 1244.0    1.0
alpha[8]          0.01  2.3e-5 8.5e-4   0.01   0.01   0.01   0.01   0.02 1381.0    1.0
alpha[9]          0.02  9.2e-5 1.9e-3   0.01   0.02   0.02   0.02   0.02  437.0   1.01
alpha[10]         0.02  1.1e-4 2.4e-3   0.02   0.02   0.02   0.02   0.03  473.0    1.0
alpha[11]       6.3e-3  3.6e-5 1.1e-3 4.1e-3 5.6e-3 6.3e-3 7.0e-3 8.6e-3 1004.0    1.0
alpha[12]         0.01  6.8e-5 1.8e-3 7.6e-3 9.9e-3   0.01   0.01   0.01  677.0   1.01
alpha[13]         0.01  3.3e-5 1.2e-3 9.2e-3   0.01   0.01   0.01   0.01 1250.0    1.0
alpha[14]         0.01  5.9e-5 2.2e-3 9.1e-3   0.01   0.01   0.01   0.02 1312.0    1.0
alpha[15]         0.01  3.9e-5 1.3e-3 9.9e-3   0.01   0.01   0.01   0.02 1194.0   1.01
alpha[16]         0.02  1.3e-4 2.8e-3   0.01   0.02   0.02   0.02   0.02  460.0    1.0
alpha[17]         -0.1  2.2e-5 6.3e-4   -0.1   -0.1   -0.1   -0.1   -0.1  822.0   1.01
alpha[18]         0.01  1.9e-5 8.3e-4   0.01   0.01   0.01   0.01   0.02 1954.0    1.0
alpha[19]         0.01  1.2e-5 6.0e-4   0.01   0.01   0.01   0.01   0.02 2578.0    1.0
alpha[20]         0.01  7.5e-5 2.0e-3 9.5e-3   0.01   0.01   0.01   0.02  708.0   1.01
alpha[21]         0.02  1.9e-4 3.2e-3   0.01   0.02   0.02   0.02   0.03  274.0    1.0
alpha[22]       9.3e-3  3.6e-6 3.2e-4 8.6e-3 9.1e-3 9.3e-3 9.5e-3 9.9e-3 7806.0    1.0
alpha[23]         0.01  6.7e-5 2.1e-3   0.01   0.01   0.01   0.02   0.02  953.0   1.01
alpha[24]         0.01  3.2e-5 1.1e-3   0.01   0.01   0.01   0.01   0.01 1171.0   1.01
alpha[25]       9.0e-3  5.8e-5 1.6e-3 5.5e-3 8.0e-3 9.1e-3   0.01   0.01  796.0    1.0
alpha[26]       8.7e-3  1.1e-4 2.5e-3 4.3e-3 6.9e-3 8.4e-3   0.01   0.01  577.0   1.01
alpha[27]         0.01  3.4e-5 1.2e-3   0.01   0.01   0.01   0.01   0.02 1188.0   1.01
alpha[28]         0.01  1.2e-5 6.2e-4 9.4e-3   0.01   0.01   0.01   0.01 2628.0    1.0
alpha[29]         0.01  2.7e-5 9.5e-410.0e-3   0.01   0.01   0.01   0.01 1256.0    1.0
alpha[30]         0.02  1.0e-4 3.0e-3   0.01   0.02   0.02   0.02   0.02  877.0   1.01
alpha[31]         0.01  1.4e-5 6.6e-4   0.01   0.01   0.01   0.01   0.01 2385.0    1.0
alpha[32]         0.01  2.3e-5 9.4e-4 9.8e-3   0.01   0.01   0.01   0.01 1715.0    1.0
alpha[33]         0.01  2.3e-5 9.4e-4 9.7e-3   0.01   0.01   0.01   0.01 1677.0    1.0
alpha[34]         0.02  1.2e-4 2.2e-3   0.01   0.01   0.01   0.02   0.02  329.0   1.02
alpha[35]         0.02  2.9e-5 1.2e-3   0.01   0.02   0.02   0.02   0.02 1802.0    1.0
alpha[36]         0.01  4.8e-5 1.2e-3 7.8e-3 9.5e-3   0.01   0.01   0.01  592.0   1.01
alpha[37]         0.01  1.6e-5 6.9e-4   0.01   0.01   0.01   0.01   0.01 1908.0    1.0
alpha[38]         0.01  7.1e-5 2.2e-3 9.0e-3   0.01   0.01   0.01   0.02  958.0   1.01
alpha[39]         0.01  2.0e-5 7.5e-4   0.01   0.01   0.01   0.01   0.01 1410.0    1.0
alpha[40]         0.01  2.2e-510.0e-4   0.01   0.01   0.01   0.01   0.02 1990.0    1.0
alpha[41]         0.01  4.0e-5 1.2e-3 9.3e-3   0.01   0.01   0.01   0.01  967.0    1.0
alpha[42]         0.01  8.9e-6 4.9e-4   0.01   0.01   0.01   0.01   0.01 3034.0    1.0
alpha[43]         0.01  6.5e-5 1.9e-3   0.01   0.01   0.01   0.02   0.02  867.0   1.01
alpha[44]         0.01  1.5e-5 7.1e-4   0.01   0.01   0.01   0.01   0.01 2217.0    1.0
alpha[45]         0.02  1.2e-4 2.8e-3   0.01   0.02   0.02   0.02   0.03  577.0   1.01
alpha[46]       3.0e-3  5.8e-5 1.2e-3 7.0e-4 2.2e-3 3.0e-3 3.8e-3 5.4e-3  426.0   1.01
alpha[47]         0.01  9.4e-6 4.9e-4   0.01   0.01   0.01   0.01   0.01 2706.0    1.0
alpha[48]         0.01  2.9e-5 9.0e-4   0.01   0.01   0.01   0.01   0.01  948.0   1.01
alpha[49]         0.01  3.8e-5 1.2e-3   0.01   0.01   0.01   0.01   0.02  967.0   1.01
alpha[50]       9.7e-3  1.6e-5 6.4e-4 8.4e-3 9.3e-3 9.7e-3   0.01   0.01 1678.0    1.0
alpha[51]         0.01  1.9e-5 9.3e-4 8.7e-3 9.9e-3   0.01   0.01   0.01 2342.0    1.0
alpha[52]         0.01  3.7e-5 1.3e-3   0.01   0.01   0.01   0.01   0.02 1119.0    1.0
alpha[53]       9.5e-3  1.9e-5 7.7e-4 8.0e-3 9.0e-3 9.5e-310.0e-3   0.01 1598.0    1.0
alpha[54]         0.01  1.5e-5 6.1e-4 9.4e-3   0.01   0.01   0.01   0.01 1779.0    1.0
alpha[55]         0.02  3.0e-5 1.2e-3   0.01   0.02   0.02   0.02   0.02 1731.0    1.0
alpha[56]         0.01  2.0e-4 4.3e-3 5.5e-3 9.6e-3   0.01   0.02   0.02  435.0   1.01
alpha[57]         0.02  1.1e-4 3.0e-3   0.01   0.02   0.02   0.02   0.03  749.0    1.0
alpha[58]         0.01  5.5e-5 1.8e-3 8.8e-3   0.01   0.01   0.01   0.02 1092.0    1.0
alpha[59]       6.2e-3  3.8e-5 1.1e-3 4.0e-3 5.5e-3 6.2e-3 7.0e-3 8.5e-3  863.0    1.0
alpha[60]         0.01  3.3e-5 1.3e-3   0.01   0.01   0.01   0.01   0.02 1452.0    1.0
A[1]              0.06  4.6e-4   0.01   0.04   0.05   0.06   0.06   0.08  617.0   1.01
A[2]              0.02  4.2e-5 2.0e-3   0.02   0.02   0.02   0.03   0.03 2289.0    1.0
A[3]              0.01    0.01   0.02  -0.02-3.3e-4   0.01   0.02   0.03    2.0   5.61
A[4]            7.5e-3  3.0e-3   0.02  -0.03  -0.01   0.01   0.02   0.04   43.0   1.09
A[5]              0.02  7.0e-5 3.4e-3 8.8e-3   0.01   0.02   0.02   0.02 2314.0    1.0
A[6]              0.01    0.02   0.03  -0.05-5.4e-3   0.03   0.03   0.05    2.0   3.95
A[7]              0.03  1.4e-4 4.6e-3   0.02   0.03   0.03   0.03   0.04 1155.0    1.0
A[8]              0.03  1.0e-4 4.1e-3   0.02   0.03   0.03   0.03   0.04 1599.0    1.0
A[9]              0.03  6.7e-4   0.01   0.02   0.02   0.03   0.04   0.07  401.0    1.0
A[10]             0.04  5.1e-4   0.01   0.03   0.04   0.04   0.05   0.07  436.0   1.01
A[11]             0.02  5.5e-5 2.6e-3   0.02   0.02   0.02   0.02   0.03 2274.0    1.0
A[12]             0.03  5.6e-4 7.3e-3   0.02   0.03   0.03   0.04   0.05  168.0   1.02
A[13]             0.03  1.4e-4 4.8e-3   0.02   0.03   0.03   0.03   0.04 1238.0    1.0
A[14]           2.4e-3  4.3e-4   0.01  -0.02-4.5e-3 2.3e-3 8.3e-3   0.02  657.0    1.0
A[15]             0.04  4.9e-4   0.01   0.02   0.03   0.03   0.04   0.07  584.0    1.0
A[16]             0.03  2.9e-4 7.9e-3   0.02   0.03   0.03   0.04   0.05  766.0    1.0
A[17]             0.21  4.6e-5 1.5e-3    0.2    0.2   0.21   0.21   0.21 1045.0   1.01
A[18]             0.03  3.2e-4 7.7e-3   0.02   0.03   0.03   0.04   0.05  592.0    1.0
A[19]             0.03  2.8e-4 6.2e-3   0.02   0.03   0.03   0.03   0.04  475.0   1.01
A[20]             0.01    0.01   0.02  -0.03 2.0e-4   0.02   0.02   0.03    2.0   3.76
A[21]           9.1e-3    0.01   0.02  -0.03  -0.02   0.02   0.03   0.04    4.0   2.34
A[22]             0.02  4.5e-5 2.1e-3   0.02   0.02   0.03   0.03   0.03 2041.0    1.0
A[23]             0.03  6.8e-3   0.01   0.01   0.02   0.03   0.03   0.06    3.0   1.65
A[24]             0.05  3.9e-4 8.7e-3   0.04   0.04   0.05   0.05   0.07  501.0   1.01
A[25]           9.2e-3  2.4e-3   0.02  -0.02-8.1e-3   0.01   0.02   0.05   58.0   1.07
A[26]             0.01  5.8e-3   0.02  -0.02 7.0e-3   0.02   0.02   0.04   10.0   1.33
A[27]           4.0e-3  6.4e-3   0.01  -0.02-9.2e-3 9.5e-3   0.01   0.02    3.0   1.87
A[28]             0.02  1.0e-4 3.6e-3   0.01   0.02   0.02   0.02   0.03 1210.0    1.0
A[29]             0.02  8.6e-5 3.5e-3   0.02   0.02   0.02   0.03   0.03 1660.0    1.0
A[30]             0.03  1.9e-4 6.1e-3   0.02   0.03   0.03   0.03   0.04 1081.0    1.0
A[31]             0.03  6.9e-5 3.1e-3   0.03   0.03   0.03   0.03   0.04 2053.0    1.0
A[32]             0.03  3.6e-4 8.1e-3   0.02   0.02   0.03   0.03   0.05  507.0   1.01
A[33]             0.03  3.8e-4 7.8e-3   0.02   0.02   0.03   0.03   0.05  421.0   1.01
A[34]             0.02  1.2e-4 4.0e-3   0.01   0.02   0.02   0.02   0.03 1175.0   1.01
A[35]             0.05  4.1e-4   0.01   0.03   0.04   0.04   0.05   0.07  677.0   1.01
A[36]             0.04  1.4e-4 4.1e-3   0.03   0.03   0.04   0.04   0.04  832.0    1.0
A[37]             0.02  1.6e-4 4.9e-3   0.01   0.02   0.02   0.03   0.03  944.0    1.0
A[38]           1.8e-3  5.5e-4   0.01  -0.02-5.6e-3 1.4e-3 8.2e-3   0.03  441.0    1.0
A[39]             0.03  1.8e-4 4.7e-3   0.02   0.03   0.03   0.04   0.04  702.0    1.0
A[40]             0.03  2.6e-4 6.7e-3   0.02   0.03   0.03   0.03   0.05  682.0   1.01
A[41]             0.03  2.2e-4 6.3e-3   0.02   0.03   0.03   0.04   0.04  840.0    1.0
A[42]             0.02  4.9e-5 2.2e-3   0.02   0.02   0.02   0.02   0.03 2123.0    1.0
A[43]             0.02  2.4e-3 7.7e-3   0.01   0.02   0.02   0.02   0.05   10.0   1.67
A[44]             0.02  1.2e-4 4.5e-3   0.02   0.02   0.02   0.03   0.03 1299.0    1.0
A[45]             0.03  1.4e-4 5.1e-3   0.02   0.02   0.03   0.03   0.04 1238.0    1.0
A[46]           9.0e-3    0.01   0.02  -0.02-2.7e-4   0.02   0.02   0.03    2.0   3.53
A[47]             0.02  4.4e-5 2.3e-3   0.02   0.02   0.02   0.02   0.03 2570.0    1.0
A[48]             0.02  1.5e-4 4.5e-3   0.02   0.02   0.02   0.03   0.03  927.0    1.0
A[49]             0.01    0.02   0.02  -0.03-3.8e-3   0.03   0.03   0.04    2.0   5.98
A[50]             0.02  1.1e-4 4.2e-3   0.02   0.02   0.02   0.03   0.03 1510.0    1.0
A[51]             0.04  6.7e-4   0.01   0.02   0.03   0.04   0.05   0.08  426.0   1.01
A[52]             0.09  2.4e-4 9.5e-3   0.07   0.08   0.09   0.09   0.11 1502.0    1.0
A[53]             0.03  1.5e-4 4.9e-3   0.02   0.02   0.03   0.03   0.04 1156.0    1.0
A[54]             0.02  1.1e-4 3.7e-3   0.01   0.02   0.02   0.02   0.03 1091.0    1.0
A[55]             0.03  3.5e-4 7.7e-3   0.02   0.03   0.03   0.03   0.05  485.0   1.01
A[56]           1.9e-3  6.1e-3   0.02  -0.03  -0.02 3.7e-4   0.02   0.04   15.0   1.29
A[57]             0.03  1.6e-4 5.2e-3   0.02   0.03   0.03   0.04   0.04 1111.0    1.0
A[58]             0.04  2.0e-4 6.7e-3   0.03   0.04   0.04   0.05   0.05 1134.0    1.0
A[59]             0.02  4.8e-5 2.6e-3   0.02   0.02   0.02   0.02   0.03 2862.0    1.0
A[60]             0.02  1.3e-4 5.1e-3   0.01   0.02   0.02   0.03   0.03 1543.0    1.0
lp__             -6856    0.88  18.07  -6892  -6868  -6856  -6844  -6822  419.0   1.02

Samples were drawn using NUTS at Sat Mar  9 02:05:29 2019.
For each parameter, n_eff is a crude measure of effective sample size,
and Rhat is the potential scale reduction factor on split chains (at 
convergence, Rhat=1).