Inference for Stan model: anon_model_397458fbbd01e7b8f1803282df68c37b.
4 chains, each with iter=60000; warmup=30000; thin=1; 
post-warmup draws per chain=30000, total post-warmup draws=120000.

              mean se_mean     sd   2.5%    25%    50%    75%  97.5%  n_eff   Rhat
dnu[1]      11.656   0.058  0.089 11.483 11.584 11.687 11.719 11.774    2.0  2.701
dnu[2]      12.041   0.004  0.111 11.854 11.967  12.03 12.103 12.296  880.0  1.016
dnu[3]      10.545 1.92e-4  0.011 10.524 10.538 10.545 10.553 10.567   3358  1.001
dnu[4]      10.064  1.2e-4  0.008 10.049 10.059 10.064 10.069 10.079   4058  1.001
dnu[5]        9.65   0.008  0.086  9.469  9.596  9.651  9.707  9.815  126.0  1.025
dnu[6]       8.919   0.004   0.06    8.8   8.88  8.917  8.958  9.039  272.0  1.005
dnu[7]       8.244 1.12e-4  0.008  8.228  8.239  8.244   8.25  8.261   5560  1.001
dnu[8]       8.087   0.002  0.043  8.004  8.058  8.087  8.116  8.172  507.0  1.018
dnu[9]       7.818   0.002  0.041  7.743   7.79  7.816  7.844  7.902  712.0  1.003
dnu[10]      6.481   0.002  0.019  6.439  6.468  6.481  6.494  6.517  103.0  1.033
dnu[11]      6.618   0.004  0.038  6.542  6.593  6.619  6.644  6.691  115.0  1.044
dnu[12]      6.136 1.33e-4  0.007  6.124  6.132  6.136   6.14  6.151   2484  1.001
dnu[13]      5.731   0.006  0.104  5.523  5.663  5.732    5.8  5.932  327.0  1.016
dnu[14]      5.581 5.59e-4  0.023  5.535  5.566  5.581  5.596  5.626   1723  1.005
dnu[15]      5.331  6.4e-4  0.021  5.289  5.317  5.331  5.346  5.373   1125  1.004
dnu[16]      5.113 6.62e-4  0.015  5.077  5.105  5.115  5.124  5.137  547.0  1.005
dnu[17]      4.799   0.024  0.093    4.6  4.742  4.805  4.855  4.986   15.0  1.192
dnu[18]      4.731  2.8e-4  0.011  4.714  4.724  4.729  4.736  4.756   1464  1.003
dnu[19]      4.692   0.033  0.053  4.583  4.654  4.703   4.73  4.776    3.0  2.079
dnu[20]      4.783 1.87e-4  0.012  4.759  4.775  4.783  4.791  4.806   4108  1.002
dnu[21]      4.805   0.001  0.036  4.733  4.781  4.805  4.829  4.875   1089  1.003
dnu[22]      4.737   0.007  0.022  4.693  4.723  4.736  4.749  4.788   10.0  1.136
dnu[23]      4.551 7.33e-4  0.025    4.5  4.535  4.551  4.568  4.601   1200  1.003
dnu[24]      4.745 1.22e-4  0.008  4.729   4.74  4.745  4.751  4.761   4501  1.001
dnu[25]      4.684 2.79e-4   0.01  4.664  4.677  4.683   4.69  4.705   1377  1.009
dnu[26]      4.669   0.023  0.036  4.595  4.639  4.683  4.695  4.712    2.0  2.537
dnu[27]      4.681 6.05e-4  0.019   4.64   4.67  4.682  4.693  4.717  988.0  1.003
dnu[28]      4.682 1.24e-4  0.009  4.662  4.676  4.682  4.688  4.699   5826    1.0
dnu[29]      4.641   0.025  0.037  4.597  4.616  4.627  4.659   4.72    2.0  2.804
dnu[30]       4.67   0.002  0.019  4.628  4.658  4.671  4.683  4.705  119.0  1.037
dnu[31]      4.661 6.91e-5  0.007  4.647  4.656  4.661  4.665  4.674  10082  1.001
dnu[32]      4.388 2.24e-4  0.011  4.367  4.381  4.388  4.395   4.41   2404  1.001
dnu[33]      4.539 7.86e-5  0.007  4.526  4.535  4.539  4.544  4.552   7174  1.001
dnu[34]      4.246 1.46e-4  0.008  4.228   4.24  4.246  4.251  4.261   3256  1.001
dnu[35]      4.331 2.23e-4  0.011  4.307  4.324  4.331  4.338  4.351   2488  1.002
dnu[36]       4.09   0.014  0.029  4.038   4.07  4.087   4.11   4.15    4.0  1.375
dnu[37]       4.31 2.42e-4  0.012  4.284  4.302   4.31  4.318  4.332   2597  1.002
dnu[38]       4.57   0.003  0.163  4.268  4.458  4.564  4.675  4.913   2648  1.002
dnu[39]       3.98   0.022  0.034   3.94  3.955  3.967  4.002  4.053    2.0  2.401
dnu[40]      4.023   0.001  0.025   3.97  4.007  4.024  4.039  4.071  364.0  1.023
dnu[41]      4.109   0.004  0.029  4.054  4.091  4.108  4.127  4.169   47.0  1.048
dnu[42]       3.66 4.87e-4  0.016  3.625  3.651  3.662  3.671  3.687   1057  1.003
dnu[43]      3.552 3.24e-4  0.013  3.528  3.544  3.552  3.559  3.581   1617   1.01
dnu[44]      4.034  1.8e-4  0.009  4.016  4.028  4.034   4.04  4.052   2589  1.002
dnu[45]      2.939 7.24e-4   0.02  2.898  2.926   2.94  2.953  2.975  737.0  1.006
dnu[46]      2.787 7.38e-4  0.017  2.759  2.776  2.784  2.795  2.825  522.0   1.01
dnu[47]      2.001 3.44e-4  0.013  1.972  1.994  2.002  2.009  2.024   1513  1.008
dnu[48]      1.782   0.001  0.034  1.723   1.76  1.778  1.801  1.861  831.0   1.02
dnu[49]      1.154   0.002  0.035  1.087   1.13  1.153  1.177  1.222  372.0  1.016
dnu[50]      0.898   0.001  0.032  0.837  0.879  0.896  0.916   0.97  970.0  1.008
numax[1]    147.58    8.16 12.297 126.24 132.05 151.92 156.47 163.71    2.0  2.878
numax[2]    158.43   0.344  9.178 141.63 151.73 158.42 164.95 176.11  712.0  1.006
numax[3]    134.50   0.006    0.3 133.91 134.30 134.50 134.70 135.09   2899  1.001
numax[4]    126.09 9.42e-6  0.004 126.08 126.08 126.09 126.09 126.09 146183    1.0
numax[5]    119.37   0.684  7.636 103.49 114.62 119.55 124.51 133.90  125.0  1.025
numax[6]    108.57   0.338   5.55 97.653 104.78 108.53 112.44 119.29  270.0  1.003
numax[7]    98.422   0.005   0.25 97.933 98.252 98.422 98.591 98.914   2141  1.001
numax[8]    94.723   0.189  4.213 86.546 91.834 94.751 97.585 102.91  496.0  1.018
numax[9]    96.417   0.161  4.635 87.451  93.25 96.365 99.558 105.47  833.0  1.002
numax[10]   79.222   0.184  1.565 75.885  78.24 79.284 80.284 82.135   72.0   1.05
numax[11]   71.619   0.244  2.937  66.29 69.511 71.543 73.622 77.542  145.0  1.038
numax[12]   68.435 3.15e-4  0.029 68.377 68.415 68.435 68.454 68.492   8658  1.001
numax[13]   63.536   0.242  4.376 55.149 60.542 63.456 66.416 72.351  328.0  1.015
numax[14]   54.934   0.039  1.605 51.817 53.851 54.934 56.014 58.061   1724  1.005
numax[15]   52.663   0.054  1.815 49.173 51.417 52.636 53.899  56.27   1138  1.003
numax[16]   49.533   0.054   1.18 46.736 48.876 49.751 50.385 51.252  473.0  1.006
numax[17]   43.686   1.678  6.182 30.807 39.844 44.001 47.313 56.349   14.0  1.191
numax[18]   47.964   0.007  0.385 47.226 47.701 47.958  48.22 48.732   2867  1.001
numax[19]    43.43     2.5  3.842 36.806 39.049 44.313 46.177 49.468    2.0  2.518
numax[20]   45.993   0.006  0.346 45.323 45.758 45.991 46.227 46.675   2929  1.003
numax[21]   46.491   0.059  1.922 42.702 45.197 46.499 47.794 50.245   1073  1.004
numax[22]   44.619   0.597  1.628 41.677 43.639 44.537 45.367 48.628    7.0  1.193
numax[23]   45.163   0.043   1.49 42.217 44.169 45.155 46.151 48.134   1225  1.003
numax[24]   45.603   0.008  0.304  45.01 45.398 45.601 45.809 46.197   1467  1.004
numax[25]   44.841   0.067   0.46  43.95 44.529 44.837 45.151 45.749   48.0   1.04
numax[26]   41.625    1.54  2.306 37.328 39.018 42.629 43.367  44.16    2.0  2.944
numax[27]   43.295   0.047  1.493 39.997 42.396 43.408 44.332 45.882   1004  1.002
numax[28]   45.181 6.79e-5   0.01 45.162 45.175 45.181 45.188   45.2  20859    1.0
numax[29]   39.088   1.981    2.9 36.576 37.341 37.664 38.999 45.556    2.0  3.898
numax[30]   43.414   0.325  1.716 40.151 42.268  43.36 44.515 46.942   28.0  1.074
numax[31]   44.416   0.001   0.09 44.238 44.356 44.416 44.476 44.593   4219  1.003
numax[32]   42.561   0.011  0.406 41.754 42.291 42.561 42.833 43.352   1389   1.01
numax[33]   43.168   0.001  0.084 43.004 43.112 43.169 43.225 43.332   4859  1.003
numax[34]   41.408   0.008  0.347 40.727 41.173 41.407 41.642  42.09   1987  1.001
numax[35]   40.774   0.004  0.215  40.35 40.628 40.775 40.918 41.194   2859  1.004
numax[36]   37.987   1.049  1.987 34.899 36.621 37.362 39.406 42.322    4.0  1.489
numax[37]   39.959   0.007  0.337   39.3  39.73 39.961 40.187  40.62   2243  1.006
numax[38]   39.022   0.013  0.663 37.686  38.59 39.033  39.47 40.296   2484  1.001
numax[39]    45.28   1.624  2.399 42.912 43.524 44.149 47.611 50.043    2.0  3.341
numax[40]   37.454   0.295  1.421 34.449 36.576  37.43 38.366 40.265   23.0  1.066
numax[41]   33.929   0.287  1.676 30.736 32.822 33.852 34.988 37.387   34.0  1.054
numax[42]    32.58   0.005  0.273 32.052 32.395 32.577 32.763 33.123   3653  1.001
numax[43]   32.308   0.011  0.869 30.599  31.72 32.309 32.902 34.004   5794    1.0
numax[44]   28.345 4.04e-4  0.026 28.294 28.327 28.345 28.363 28.397   4227  1.001
numax[45]   20.456   0.023  0.492 19.278 20.181 20.543 20.814 21.184  442.0  1.012
numax[46]   25.631   0.003  0.136 25.366 25.539  25.63 25.723 25.895   2915  1.003
numax[47]   17.376   0.039  1.201 14.993 16.581 17.383 18.169 19.726  972.0  1.014
numax[48]     13.9   0.217  0.932 11.764 13.375 13.906  14.48  15.69   18.0  1.082
numax[49]    7.303   0.009  0.335  6.651  7.078  7.304  7.529  7.957   1524  1.006
numax[50]    5.129   0.473   1.36  2.196  4.237  5.296  6.051  7.563    8.0  1.276
G[1]         2.977   0.651  0.946  1.324  2.078  3.377  3.595  4.065    2.0  4.219
G[2]         2.592   0.728  1.081  1.385  1.562  2.031  3.602  4.441    2.0  3.169
G[3]         2.333   0.014  0.279  1.715  2.184  2.362  2.518  2.828  379.0  1.008
G[4]         3.095   0.047  0.447  1.654  2.873  3.062  3.306  4.054   90.0  1.034
G[5]         3.086   0.146  0.647  1.252  2.967  3.173  3.414  3.997   20.0  1.213
G[6]         3.815   0.018  0.481  2.854  3.496  3.809  4.128  4.761  684.0  1.006
G[7]         2.774   0.026  0.379  1.639  2.617  2.815  2.993  3.402  213.0  1.014
G[8]         2.917   0.003  0.152  2.639  2.817   2.91  3.009  3.241   3295  1.002
G[9]         3.643   0.007   0.31  3.159  3.422    3.6  3.817  4.364   2139  1.001
G[10]        2.571   0.054  0.596  1.685  2.323  2.454  2.631  4.245  121.0  1.034
G[11]        3.806   0.034  0.572  2.571  3.452  3.837  4.192  4.874  285.0  1.014
G[12]        3.035   0.005  0.206  2.649  2.921  3.028  3.141  3.457   1608  1.003
G[13]        3.228   0.013  0.627  2.035  2.796  3.214  3.651  4.465   2312  1.003
G[14]         2.71   0.021  0.479   1.74  2.405  2.644  2.956  3.863  502.0  1.004
G[15]        2.625   0.024    0.3  1.733  2.477  2.637  2.798  3.167  152.0  1.016
G[16]        2.837   0.004  0.185  2.517  2.711  2.822  2.947   3.24   2383  1.004
G[17]        2.446    0.01  0.234  1.777  2.343  2.466  2.585  2.844  498.0  1.015
G[18]        3.568   0.006  0.261  3.164  3.391  3.529  3.701  4.199   2227  1.001
G[19]        2.559    0.41  0.615  1.466  2.328  2.766   2.96  3.423    2.0  2.921
G[20]        3.127   0.013  0.391  2.524  2.882    3.1  3.353  3.951  897.0  1.003
G[21]        3.204   0.019  0.622   1.58  2.877  3.198  3.582  4.409   1095  1.001
G[22]         3.12   0.004  0.294  2.672  2.917  3.073  3.272  3.831   4690  1.001
G[23]        2.868    0.01  0.536  1.617  2.597  2.868  3.167  3.979   2722  1.002
G[24]        3.272   0.004  0.226   2.88  3.118  3.254  3.405  3.771   3463  1.001
G[25]        3.045   0.614  0.938  1.409  1.803  3.362  3.693  4.355    2.0  2.587
G[26]        2.486   0.373  0.544  1.503  2.043  2.708  2.835  3.155    2.0  3.975
G[27]        3.457   0.015  0.569  2.514   2.99  3.465  3.862  4.583   1394  1.002
G[28]         3.34   0.015  0.552  2.086  3.038  3.313  3.659  4.432   1392  1.002
G[29]        1.919   0.647  0.928  1.256  1.355  1.424  2.111  3.927    2.0  5.614
G[30]        3.014   0.016  0.454  2.073  2.757  2.981  3.259  4.002  777.0  1.016
G[31]        2.159   0.005  0.198  1.785  2.019   2.16  2.299  2.537   1546  1.002
G[32]        3.125   0.044  0.835  1.747  2.423  2.957  3.829  4.715  358.0  1.019
G[33]        2.967   0.006  0.277  2.554   2.78  2.923  3.101  3.652   2118  1.003
G[34]        3.579   0.006  0.363   2.99  3.325  3.534  3.785  4.422   4042  1.001
G[35]        3.356   0.006  0.323  2.852  3.132  3.311  3.534  4.117   2658  1.001
G[36]        2.365   0.276  0.423  1.617  2.006    2.5  2.625  2.974    2.0  2.543
G[37]        3.686   0.018   0.61   2.22  3.353  3.701  4.069  4.815   1163  1.012
G[38]        9.521   0.004  0.271  9.006  9.336  9.517  9.701 10.066   5077    1.0
G[39]          1.5   0.014  0.064  1.368  1.459  1.502  1.543  1.623   20.0  1.072
G[40]        3.573    0.02  0.537  2.499  3.235  3.581  3.919  4.613  722.0  1.007
G[41]        2.754   0.027  0.381  1.704  2.567  2.748  2.952  3.536  203.0  1.013
G[42]        3.214   0.023  0.495  2.372  2.879  3.187  3.526  4.249  470.0  1.009
G[43]        2.568   0.076  0.694  1.484  2.073  2.441  2.983  4.158   82.0  1.044
G[44]        2.513   0.013  0.194  1.914  2.431  2.532  2.625  2.829  212.0  1.016
G[45]        1.857   0.009  0.222  1.578  1.687  1.778  2.019  2.359  642.0  1.007
G[46]        3.486    0.03  0.794  1.841  2.988  3.641  4.048  4.768  713.0  1.005
G[47]        2.891   0.011  0.424  1.767  2.682  2.871  3.095  3.814   1627  1.003
G[48]        2.789   0.012  0.529  1.837  2.403   2.77  3.146   3.87   1868  1.001
G[49]        2.976   0.055  0.751  1.491  2.469  3.015  3.496  4.374  187.0   1.02
G[50]         2.87   0.024  0.701  1.607  2.342  2.847  3.373  4.251  836.0  1.011
phi[1]       3.002   1.193  1.822  0.538  1.683  2.398  4.353  6.244    2.0  2.634
phi[2]      -1.713     1.4   3.06 -5.936 -4.096 -2.534  0.384  5.108    5.0  1.347
phi[3]        2.59   0.034  0.594  1.939  2.228  2.409   2.67  4.234  311.0  1.007
phi[4]       1.538   1.021  3.254 -4.378  1.694  2.247  2.759  5.739   10.0  1.795
phi[5]       1.865   0.281  2.084 -3.193  0.759  1.967  3.237  5.549   55.0  1.085
phi[6]       1.622   0.066  1.077 -0.507  0.899  1.619  2.364  3.667  269.0  1.003
phi[7]      -0.233    0.88  3.252 -4.824  -4.11  1.591  2.103  5.377   14.0   1.34
phi[8]       1.884   0.051  1.136 -0.316  1.107   1.89  2.651  4.095  500.0  1.018
phi[9]       1.002   0.038  1.071 -1.063  0.272  0.991  1.721  3.116  793.0  1.002
phi[10]     -3.073   0.533  2.507 -5.856 -4.327 -3.656 -2.908  6.025   22.0  1.161
phi[11]      0.587   0.081  0.832 -0.897  0.019  0.541  1.087  2.525  105.0  1.047
phi[12]      1.156   0.007  0.262  0.655  1.014  1.154  1.296  1.655   1412  1.004
phi[13]      0.424   0.274  3.311 -5.902 -1.531  0.494  2.746  6.021  146.0  1.016
phi[14]     -1.321   1.165  3.482 -5.577  -4.41 -3.045  1.835  5.507    9.0  1.208
phi[15]      0.136   1.157   3.26 -5.498 -3.507  1.403  2.445  5.408    8.0  1.316
phi[16]      5.662   0.025  0.501  4.442  5.391  5.778  6.047  6.272  417.0  1.007
phi[17]      1.034   1.143  3.464 -5.543 -1.691  1.327  4.014  6.227    9.0  1.245
phi[18]      6.144   0.003  0.143  5.763  6.091  6.187  6.244   6.28   2147  1.001
phi[19]      3.136    1.87  2.738 -1.178  0.525  3.598  5.898  6.256    2.0  3.762
phi[20]      0.319   0.049  0.574 -0.452  0.013  0.267  0.522  1.179  137.0  1.053
phi[21]     -0.591   0.183  3.547 -6.103 -4.282  0.007  1.378  6.049  375.0  1.015
phi[22]      4.355   1.656  2.403 -0.792  3.178  5.575  5.986  6.262    2.0  4.321
phi[23]     -0.953   0.637  3.145 -6.042  -4.55  0.262  1.262  4.621   24.0  1.193
phi[24]     -0.138   0.007  0.247 -0.623 -0.303 -0.136  0.026  0.349   1356  1.002
phi[25]      4.487   1.817  2.583 -0.413  3.171   5.91  6.124   6.27    2.0  9.665
phi[26]      5.814   0.017   0.41  4.776  5.613  5.923  6.128  6.267  584.0  1.022
phi[27]      5.482   0.019  0.577  4.145  5.134  5.579  5.941  6.261  918.0  1.003
phi[28]      0.429   0.207  3.529 -6.174 -0.525  0.073  2.205  6.216  290.0  1.011
phi[29]      5.779   0.198  0.488  4.486  5.562  5.934  6.145  6.272    6.0   1.25
phi[30]      1.474     1.9  3.312 -5.897 -0.513  0.488  5.215  6.242    3.0   2.39
phi[31]     -0.178   2.385  3.396 -6.114 -2.285  0.627    2.1  4.249    2.0  8.379
phi[32]      0.209   0.251  3.139 -5.962 -0.745  0.424  1.435  6.055  156.0  1.037
phi[33]      0.527   0.003   0.21  0.099  0.392  0.534  0.672  0.919   4662  1.001
phi[34]      0.276   0.005   0.27 -0.247  0.098  0.272  0.452  0.819   2779  1.001
phi[35]      0.332   0.004   0.21 -0.093  0.193  0.336  0.475   0.73   2886  1.001
phi[36]       2.91   2.073  3.078 -2.995  0.283  3.792  5.851  6.246    2.0  3.196
phi[37]      0.762   0.812  2.933 -6.007 -0.211  0.244  0.917  6.214   13.0  1.491
phi[38]     -1.844   0.001  0.068 -1.988 -1.887 -1.842 -1.798 -1.718   2268  1.002
phi[39]     -5.501   0.067  0.752 -6.263 -6.055 -5.729 -5.178 -3.492  125.0  1.032
phi[40]     -4.052   1.759  2.574 -6.235 -5.829 -5.326 -2.009  1.346    2.0  3.734
phi[41]      1.156    1.74  2.646 -2.561 -0.655   0.25  2.972  6.093    2.0  2.677
phi[42]      0.061   0.026  0.417 -0.608 -0.181  0.048  0.269  0.706  255.0  1.013
phi[43]       0.11   0.272  3.319 -5.727 -3.137  0.842   2.97  5.561  148.0  1.033
phi[44]     -0.975   0.008  0.223 -1.439 -1.105  -0.97 -0.836 -0.549  767.0  1.005
phi[45]      5.976   0.007  0.303  5.149  5.858  6.069  6.193  6.275   1860  1.002
phi[46]      -0.74     2.0  3.103 -6.181 -1.112  0.198  0.625  5.744    2.0  2.763
phi[47]       0.29   0.784  3.025 -5.044 -1.801 -0.495  2.747  5.946   15.0  1.344
phi[48]     -3.549   1.574  2.525 -6.185 -5.416 -4.502 -2.368  2.464    3.0  2.071
phi[49]      0.622   0.676  2.965 -5.611 -0.297  1.449  2.301  5.943   19.0  1.191
phi[50]      -1.34   0.754  3.358 -6.022 -4.228 -1.944  1.225  5.566   20.0  1.143
tau[1]       9.729   0.072  3.744   3.15  6.957  9.566 12.277 17.449   2669  1.001
tau[2]      11.154   0.058  3.583  4.497  8.635 11.047 13.536 18.466   3826  1.004
tau[3]       9.942    0.08  3.795  3.103  7.175  9.832 12.526  17.67   2231  1.001
tau[4]        9.67   0.096  3.777  3.095  6.888  9.512 12.205 17.543   1544  1.005
tau[5]      11.112    0.07  3.497  4.695  8.646 10.978 13.437 18.313   2510  1.001
tau[6]       7.855   0.119  3.972  1.794  4.628  7.494 10.573 16.248   1116  1.002
tau[7]       7.092   0.076  4.129  1.502  3.537  6.497  9.973 16.043   2976  1.001
tau[8]        7.95   0.067  3.681  2.423  5.044  7.459 10.409  16.02   2981  1.001
tau[9]      10.496   0.089  3.688  3.717  7.871 10.365 12.959 18.059   1722  1.004
tau[10]       8.97   0.198  4.047  1.809  5.959  8.812 11.744  17.23  420.0  1.011
tau[11]        6.0   0.163  4.154  1.228  2.422  4.837  8.836 15.461  646.0  1.003
tau[12]      6.767   0.118  4.304  1.227  2.956  6.063  9.805 16.125   1332  1.001
tau[13]     10.033    0.05  3.877   2.63  7.311  9.973 12.665 17.768   6116  1.001
tau[14]      9.837   0.072  3.773  3.136  7.066  9.676 12.373 17.607   2736  1.001
tau[15]     10.058   0.079  3.676  3.588  7.366  9.867 12.516 17.707   2144    1.0
tau[16]      9.853   0.066  3.758  3.088  7.132  9.696 12.377 17.546   3265  1.001
tau[17]     10.019   0.121  3.745  3.291  7.315  9.852 12.528 17.761  953.0  1.005
tau[18]      4.503   0.092   3.82  0.914  1.699  2.829  6.414 14.344   1723  1.003
tau[19]      9.586    0.25  3.747  3.011  6.805  9.438 12.117 17.311  224.0  1.026
tau[20]     10.424   0.071   3.64  3.828  7.806 10.264 12.855 17.934   2611  1.001
tau[21]     10.137   0.081  3.876  2.803  7.397 10.096  12.79 17.868   2268  1.001
tau[22]     10.249   0.109  3.773  3.273  7.562 10.122 12.809 17.902   1196  1.003
tau[23]     10.586   0.058  3.698  3.694  7.994 10.469 13.046 18.129   4043  1.001
tau[24]     10.471   0.091  3.681  3.595  7.839 10.341  12.96  17.93   1635  1.002
tau[25]      9.052   0.141  4.105  1.691  6.009  9.019 11.861 17.323  847.0  1.013
tau[26]     10.711   0.102  3.569   4.27  8.131 10.571 13.101 18.057   1218  1.014
tau[27]      7.051   0.136  4.262  1.229  3.402  6.443 10.053 16.268  984.0  1.001
tau[28]     10.275   0.058  3.706  3.443  7.608 10.145 12.783 17.822   4129  1.001
tau[29]       10.0   0.306  3.855  2.837  7.248   9.95  12.61 17.764  158.0  1.033
tau[30]     10.129   0.093    3.8  3.131  7.421 10.031 12.694  17.86   1658  1.001
tau[31]      10.77   0.101  3.624   4.03  8.227 10.686 13.193 18.083   1283  1.005
tau[32]     10.129   0.073   3.87  2.852  7.401  10.08 12.735 17.937   2812  1.001
tau[33]      10.41   0.063  3.692  3.629  7.793 10.274 12.888 17.941   3390  1.002
tau[34]     10.144   0.074  3.729  3.305  7.445 10.023 12.684 17.707   2545  1.001
tau[35]     10.003   0.064  3.865  2.804  7.257  9.953 12.638 17.748   3651  1.001
tau[36]     10.247   0.066  3.714   3.38  7.627 10.142 12.708 17.871   3123  1.001
tau[37]      9.762   0.074  3.967  2.274  6.933  9.707 12.496 17.619   2851  1.002
tau[38]     26.958   0.027  2.658 21.987 25.124 26.867 28.706 32.403   9988    1.0
tau[39]     10.548   0.111  3.556  4.087  7.979 10.415 12.928 17.851   1032  1.005
tau[40]      8.909   0.125   4.17  1.396  5.893  8.877  11.78 17.188   1108  1.008
tau[41]     10.432   0.087  3.786  3.499  7.722 10.328 12.992 18.069   1881  1.002
tau[42]      9.699   0.045  3.891  2.616  6.884  9.619 12.354  17.53   7565    1.0
tau[43]      9.967   0.148  3.909  2.549   7.19  9.981 12.656 17.715  694.0  1.006
tau[44]     10.499   0.042  3.662  3.763    7.9 10.381 12.962 17.928   7766  1.001
tau[45]     11.293   0.074  3.481  5.037  8.779 11.148  13.62 18.521   2222  1.004
tau[46]      6.613   0.162  4.777  0.688  1.972  6.112 10.266 16.439  866.0  1.007
tau[47]       10.1   0.078  3.839  2.907  7.392  10.02 12.675 17.906   2441  1.001
tau[48]     10.111   0.074    3.8  3.104  7.366 10.016 12.709 17.777   2623  1.001
tau[49]      9.923   0.084  3.836  2.717  7.239  9.865 12.507 17.676   2092  1.003
tau[50]     10.185   0.082  3.819  3.057  7.492 10.066 12.741 17.906   2190  1.008
eps_std[1]   0.787   0.156  0.383  0.107  0.523  0.761  1.028  1.594    6.0  1.256
eps_std[2]   0.344   0.028  0.465 -0.664  0.063  0.373  0.657  1.186  269.0  1.029
eps_std[3]   0.444   0.017  0.268 -0.079  0.267  0.441  0.623  0.966  242.0  1.017
eps_std[4]   0.262   0.017  0.252  -0.23  0.096  0.262   0.43  0.754  222.0  1.017
eps_std[5]   0.284   0.033    0.4   -0.5   0.02   0.28  0.547  1.108  151.0  1.024
eps_std[6]   0.193   0.022  0.337  -0.48 -0.027    0.2  0.417  0.851  244.0  1.007
eps_std[7]   0.137   0.015  0.212 -0.277 -0.002  0.137  0.277  0.555  207.0  1.018
eps_std[8]   0.058    0.02  0.287 -0.503 -0.136  0.059  0.252  0.627  215.0  1.027
eps_std[9]  -0.197   0.015  0.274 -0.766 -0.373 -0.187 -0.012  0.319  330.0  1.014
eps_std[10] -0.597   0.022  0.215 -1.016  -0.74   -0.6 -0.456 -0.164   96.0  1.029
eps_std[11]  0.005   0.028  0.267 -0.526 -0.181  0.001  0.192  0.516   91.0   1.05
eps_std[12] -0.218   0.013  0.165 -0.555 -0.326 -0.214 -0.108  0.101  169.0  1.022
eps_std[13] -0.586   0.034  0.636  -1.85 -1.006 -0.585 -0.162  0.659  344.0  1.018
eps_std[14] -0.362   0.013  0.198 -0.768 -0.493 -0.355 -0.225  0.012  246.0  1.017
eps_std[15] -0.316   0.012  0.196 -0.713 -0.445  -0.31 -0.184  0.065  265.0  1.017
eps_std[16] -0.232   0.013  0.174 -0.575 -0.345 -0.233 -0.121  0.121  183.0  1.014
eps_std[17] -0.163   0.156  0.575 -1.382 -0.516 -0.155  0.216  0.953   14.0  1.191
eps_std[18] -0.853   0.012  0.182 -1.225 -0.974 -0.847 -0.726 -0.513  236.0  1.019
eps_std[19] -0.437   0.196  0.357 -1.073 -0.685 -0.473 -0.197  0.291    3.0  1.588
eps_std[20] -0.889   0.011  0.186 -1.265 -1.013 -0.885 -0.762 -0.537  278.0  1.014
eps_std[21] -0.912   0.012  0.283 -1.494 -1.099 -0.901 -0.717 -0.385  568.0  1.014
eps_std[22] -0.755   0.041  0.217 -1.225 -0.886 -0.745 -0.609 -0.356   28.0  1.081
eps_std[23] -0.647   0.012  0.236 -1.124 -0.803  -0.64 -0.484 -0.207  414.0  1.014
eps_std[24] -0.912   0.011  0.178 -1.276  -1.03 -0.905 -0.789 -0.579  276.0  1.016
eps_std[25] -0.722    0.01  0.172 -1.078 -0.834 -0.718 -0.603   -0.4  271.0   1.02
eps_std[26] -0.519   0.136  0.261 -0.975 -0.706 -0.547  -0.34  0.014    4.0  1.503
eps_std[27]  -0.66   0.012  0.197 -1.049  -0.79  -0.66 -0.529  -0.27  277.0  1.012
eps_std[28] -0.863   0.011   0.18 -1.225 -0.984 -0.858 -0.738 -0.524  264.0  1.015
eps_std[29] -0.391   0.131   0.25 -0.944 -0.544  -0.35 -0.214   0.02    4.0  1.513
eps_std[30] -0.863   0.017  0.208  -1.28 -1.002 -0.859 -0.722 -0.463  143.0  1.039
eps_std[31]  2.019   0.015  0.266   1.51  1.837  2.012  2.197  2.555  333.0  1.021
eps_std[32] -0.681    0.01  0.176 -1.044 -0.796 -0.676  -0.56 -0.349  289.0  1.017
eps_std[33] -0.886   0.011  0.177 -1.244 -1.003 -0.878 -0.764 -0.557  255.0  1.019
eps_std[34] -0.585   0.012  0.172 -0.934 -0.699 -0.579 -0.467 -0.262  221.0  1.021
eps_std[35] -0.939   0.011   0.19 -1.323 -1.065 -0.934 -0.809 -0.583  316.0  1.019
eps_std[36]  -0.62   0.117  0.272 -1.188 -0.802 -0.601 -0.425 -0.135    5.0  1.274
eps_std[37] -1.013   0.011  0.196 -1.414 -1.144 -1.007 -0.877 -0.648  307.0  1.019
eps_std[38] -1.101   0.017  0.891 -2.833 -1.697 -1.111 -0.508  0.666   2645  1.001
eps_std[39]  1.403   0.214  0.379   0.61  1.155  1.461  1.677  2.036    3.0   1.65
eps_std[40]  2.107   0.015   0.31  1.514  1.896  2.098  2.313  2.727  403.0   1.02
eps_std[41] -0.958   0.038  0.259 -1.502 -1.127 -0.943 -0.775 -0.489   46.0  1.054
eps_std[42]   2.13   0.012   0.29  1.585  1.931   2.12  2.317  2.733  581.0  1.014
eps_std[43]  2.005   0.018  0.282  1.471  1.813    2.0  2.189  2.576  254.0  1.025
eps_std[44]   1.96   0.015  0.262  1.463  1.782  1.953  2.134  2.484  311.0  1.021
eps_std[45] -0.025   0.014  0.251 -0.506 -0.193  -0.03  0.137  0.488  314.0  1.021
eps_std[46]  1.851   0.015  0.313  1.248  1.638  1.849  2.058  2.473  429.0  1.014
eps_std[47]  0.753   0.013  0.313  0.161  0.544  0.745  0.957  1.384  551.0  1.007
eps_std[48]  1.161   0.018  0.524  0.053  0.838  1.186  1.511  2.135  853.0  1.013
eps_std[49]  0.533   0.027  0.635  -0.69  0.099  0.541  0.962  1.762  555.0   1.01
eps_std[50]  0.437   0.033  0.683 -0.992  0.008  0.454  0.887  1.747  423.0  1.005
eps_sig      0.309   0.001  0.034  0.252  0.286  0.306  0.329  0.384  721.0  1.009
epsA          0.58   0.007  0.128  0.319  0.496  0.581  0.667  0.825  385.0  1.013
epsB        -0.204   0.004  0.078  -0.35 -0.257 -0.205 -0.153 -0.045  388.0   1.01
al_std[1]    0.014   0.003  0.053 -0.092  -0.02  0.015  0.049  0.114  339.0  1.012
al_std[2]    0.093   0.043  0.107 -0.078  0.016  0.077  0.156  0.339    6.0  1.226
al_std[3]    0.006   0.003  0.056 -0.107  -0.03  0.007  0.044  0.113  417.0  1.009
al_std[4]    0.064   0.003  0.056 -0.046  0.028  0.064    0.1  0.174  369.0   1.01
al_std[5]     0.09   0.003  0.057 -0.023  0.054   0.09  0.127  0.202  358.0  1.011
al_std[6]    0.068   0.004  0.075 -0.084  0.021  0.068  0.115  0.218  445.0  1.006
al_std[7]   -0.023   0.003  0.054 -0.134 -0.057 -0.021  0.014  0.081  353.0   1.01
al_std[8]    0.057   0.003  0.056 -0.054   0.02  0.058  0.094  0.167  339.0   1.01
al_std[9]    0.015   0.003  0.068 -0.125 -0.028  0.017   0.06  0.143  567.0  1.006
al_std[10]   0.064   0.004  0.062 -0.059  0.023  0.065  0.105  0.186  315.0  1.013
al_std[11]   0.087   0.004  0.076 -0.058  0.036  0.086  0.137   0.24  365.0  1.014
al_std[12]  -0.001   0.003  0.057 -0.116 -0.038-3.07e-4  0.036  0.108  313.0  1.011
al_std[13]   0.321   0.004   0.13  0.079   0.24  0.314  0.397  0.595  865.0  1.004
al_std[14]   0.115   0.004  0.069 -0.016  0.069  0.113  0.159  0.255  377.0   1.01
al_std[15]   0.064   0.003   0.06 -0.054  0.024  0.064  0.104  0.184  330.0  1.011
al_std[16]   0.081   0.003  0.065 -0.046  0.038  0.081  0.124  0.211  355.0  1.012
al_std[17]   0.134   0.004  0.071-7.8e-4  0.086  0.132  0.181   0.28  383.0  1.011
al_std[18]  -0.069   0.003   0.08 -0.238  -0.12 -0.065 -0.014  0.077  571.0  1.007
al_std[19]   0.109   0.004  0.072 -0.027  0.062  0.107  0.156  0.255  418.0   1.01
al_std[20]   0.093   0.004  0.077 -0.055  0.042  0.092  0.143   0.25  476.0  1.007
al_std[21]   0.197   0.004  0.083  0.038  0.142  0.195   0.25  0.366  527.0  1.008
al_std[22]   0.073   0.003  0.081 -0.085  0.021  0.073  0.126  0.231  556.0  1.007
al_std[23]   0.155   0.004  0.072   0.02  0.106  0.153  0.202  0.303  410.0  1.009
al_std[24]   0.054   0.004  0.071 -0.086  0.007  0.054  0.101  0.194  395.0  1.011
al_std[25]   0.091   0.005  0.073 -0.053  0.042   0.09  0.139  0.236  256.0  1.026
al_std[26]   0.119   0.003   0.07 -0.016  0.073  0.118  0.165  0.261  410.0  1.008
al_std[27]  -0.011   0.004  0.077 -0.171  -0.06 -0.008  0.041  0.133  400.0  1.011
al_std[28]   0.202   0.004  0.089  0.033  0.142  0.199  0.259  0.384  585.0  1.005
al_std[29]   0.053   0.004  0.067 -0.076  0.008  0.053  0.097  0.186  222.0  1.027
al_std[30]  -0.005   0.003  0.087 -0.176 -0.061 -0.004  0.053  0.165  712.0  1.006
al_std[31]  -0.258   0.003  0.075 -0.412 -0.307 -0.255 -0.207 -0.121  588.0  1.007
al_std[32]    0.07   0.004  0.086 -0.109  0.017  0.073  0.127  0.233  465.0  1.009
al_std[33]    0.14   0.004  0.073  0.001  0.091  0.138  0.187  0.289  393.0  1.011
al_std[34]   0.065   0.004  0.074 -0.077  0.016  0.064  0.114  0.213  419.0  1.009
al_std[35]   0.104   0.005  0.098 -0.085  0.043  0.102  0.164  0.305  474.0   1.01
al_std[36]   0.093   0.004  0.076 -0.054  0.041  0.091  0.142  0.248  403.0  1.008
al_std[37]   0.141   0.006  0.097 -0.045  0.079  0.139  0.202  0.339  281.0  1.019
al_std[38]  -6.815   0.012  0.691 -8.204  -7.28 -6.803 -6.336 -5.497   3195    1.0
al_std[39]   0.086   0.004  0.067 -0.042  0.041  0.085   0.13  0.223  331.0  1.011
al_std[40]   0.139   0.005  0.119 -0.089  0.062  0.135  0.212  0.387  510.0  1.015
al_std[41]    0.15   0.004   0.09 -0.024  0.091  0.149  0.208  0.331  513.0  1.006
al_std[42]   0.231   0.005  0.124  0.012  0.147  0.223  0.305  0.502  638.0  1.009
al_std[43]  -0.041   0.003  0.073 -0.188 -0.087 -0.039  0.008  0.099  438.0  1.011
al_std[44]   0.351   0.004  0.098   0.17  0.285  0.347  0.414  0.556  544.0  1.007
al_std[45]   0.256   0.004  0.084  0.101  0.199  0.252   0.31  0.432  394.0   1.01
al_std[46]   0.093   0.007  0.165 -0.245 -0.012  0.103  0.202  0.406  600.0  1.011
al_std[47]  -0.079   0.004  0.113 -0.303 -0.152 -0.078 -0.004  0.137  806.0  1.006
al_std[48]   0.346   0.028  0.427 -0.511  0.079  0.341  0.616  1.204  237.0  1.025
al_std[49]   0.016    0.02  0.602  -1.13 -0.402   0.01  0.422  1.217  905.0  1.008
al_std[50]  -0.151   0.183  0.711 -1.486  -0.63 -0.195  0.317  1.288   15.0  1.109
al_sig        0.05 1.29e-4  0.006   0.04  0.046   0.05  0.054  0.063   2112  1.001
alA          0.014 2.42e-4  0.005  0.005  0.011  0.014  0.017  0.023  355.0  1.012
alB          0.327   0.001  0.079  0.175  0.273  0.326  0.379  0.484   2774    1.0
A_std[1]    -0.595   0.755   1.12 -3.242  -0.95 -0.068  0.108  0.412    2.0  3.273
A_std[2]     0.807   0.328  0.672 -0.036  0.308  0.631   1.17  2.486    4.0  1.381
A_std[3]     0.449   0.012  0.381 -0.142  0.203  0.389  0.627   1.38  992.0  1.009
A_std[4]    -0.494   0.129  0.531 -1.695 -0.828 -0.364 -0.117  0.285   17.0  1.327
A_std[5]    -0.219   0.149  0.718 -2.124 -0.369 -0.091  0.109  1.123   23.0  1.177
A_std[6]     0.137   0.014  0.295 -0.495 -0.021   0.15  0.307  0.708  451.0  1.013
A_std[7]    -0.255   0.055  0.661  -1.75 -0.519 -0.186  0.073  0.801  144.0  1.011
A_std[8]     0.277   0.009   0.32 -0.353  0.081  0.268  0.461  0.963   1366   1.01
A_std[9]     0.587   0.015  0.404 -0.139   0.32  0.552  0.822  1.477  751.0  1.021
A_std[10]    0.433   0.145  1.058 -2.246 -0.017  0.542  1.064  2.299   53.0  1.063
A_std[11]   -0.105   0.029  0.365 -0.909 -0.309 -0.079  0.119  0.563  156.0  1.039
A_std[12]   -0.131   0.057  0.364 -0.963 -0.333 -0.086  0.112  0.476   41.0  1.054
A_std[13]   -0.374    0.03  0.783 -2.331 -0.725 -0.273  0.093   0.99  699.0  1.002
A_std[14]   -0.521   0.031   0.78 -2.197 -0.957 -0.478 -0.073  1.058  640.0  1.005
A_std[15]   -0.519    0.04  0.717 -2.112 -0.876 -0.447 -0.107  0.757  326.0  1.004
A_std[16]    0.089   0.013  0.362 -0.654 -0.131  0.098  0.316  0.802  762.0  1.021
A_std[17]    0.717   0.026  0.672 -0.487  0.277   0.67  1.098   2.21  668.0  1.013
A_std[18]   -0.303   0.048  0.488 -1.382 -0.584 -0.264  0.018  0.562  103.0  1.038
A_std[19]    1.135    0.58  0.999 -0.165  0.485   0.84  1.511  3.705    3.0  1.737
A_std[20]    0.173   0.048  0.635 -1.183 -0.136  0.189  0.514  1.382  172.0  1.038
A_std[21]   -0.748   0.038  0.775 -2.554 -1.158 -0.652 -0.256  0.579  410.0  1.014
A_std[22]     0.59   0.029  0.511 -0.362  0.256   0.57  0.897  1.699  317.0  1.019
A_std[23]   -0.796   0.042  0.679  -2.41  -1.14   -0.7 -0.363  0.301  258.0  1.027
A_std[24]    0.439   0.015  0.453 -0.454  0.155  0.437  0.719  1.366  886.0  1.006
A_std[25]    0.204   0.429  0.812  -0.88 -0.286  0.002  0.407  2.398    4.0  1.505
A_std[26]     1.61   0.505  1.011  0.132  0.919  1.401  2.108  4.113    4.0  1.401
A_std[27]    0.042   0.023  0.597 -1.031 -0.337 -0.009  0.361  1.414  704.0  1.015
A_std[28]   -0.612   0.016  0.704 -2.287 -0.976 -0.521 -0.158  0.565   1883  1.006
A_std[29]    1.765    0.77  1.328 -0.629  0.798  1.915  2.634  4.288    3.0  1.709
A_std[30]   -0.141   0.052  0.649  -1.72 -0.455 -0.098  0.239  1.021  157.0  1.027
A_std[31]   -0.364   0.939  1.436 -3.544  -1.32  0.143  0.562  1.556    2.0  2.575
A_std[32]   -0.345   0.055  0.966 -2.301 -0.883 -0.362  0.163  1.762  314.0  1.011
A_std[33]    0.401    0.01  0.459 -0.499  0.114   0.39  0.675   1.35   2318  1.003
A_std[34]   -0.611   0.159  0.463 -1.652 -0.893 -0.556 -0.278  0.142    8.0  1.162
A_std[35]    1.026   0.025  0.539  0.091  0.671  0.979  1.329  2.248  472.0  1.029
A_std[36]    1.552   0.262  0.968 -0.153  0.886  1.482  2.142  3.656   14.0  1.105
A_std[37]   -0.634   0.039  0.655 -2.305  -0.93  -0.54 -0.225  0.351  279.0  1.023
A_std[38]   49.557   9.886 18.154 24.016 35.428 45.986 60.882 91.593    3.0  1.578
A_std[39]    0.618    0.05  0.634 -0.683  0.226  0.619  1.004  1.936  158.0  1.015
A_std[40]    0.084    0.02  0.648 -1.208 -0.276  0.106  0.473  1.287   1102  1.007
A_std[41]     0.14   0.058  0.745 -1.475 -0.244  0.149  0.543  1.587  166.0  1.023
A_std[42]    0.282    0.02  0.613 -0.874 -0.089  0.258  0.614  1.637  911.0  1.006
A_std[43]   -0.901   0.075   0.99 -2.946 -1.476 -0.908 -0.345  1.138  173.0   1.02
A_std[44]    1.666   0.028  0.744  0.368  1.167  1.602  2.093  3.337  692.0  1.022
A_std[45]    1.755   0.024  0.942   0.15  1.126  1.663  2.285  3.922   1599  1.006
A_std[46]   -0.518   0.172  0.947 -3.065 -0.918  -0.41  0.033  1.006   30.0  1.114
A_std[47]   -0.332   0.021  0.869 -2.131 -0.838 -0.303  0.211  1.296   1662  1.007
A_std[48]    0.345    0.05  0.915 -1.447 -0.235  0.337  0.911  2.238  334.0  1.007
A_std[49]   -0.226    0.04  1.065 -2.397 -0.886 -0.204  0.455  1.848  692.0  1.008
A_std[50]   -0.381   0.023  1.084 -2.666  -1.04 -0.343  0.327  1.653   2262  1.001
A_sig        0.016   0.003  0.006  0.008  0.011  0.015  0.019  0.028    3.0  1.602
AA           0.094   0.003  0.011   0.07  0.087  0.094  0.102  0.115   15.0  1.102
AB           0.839   0.004  0.047  0.748  0.807  0.839  0.871  0.933  162.0  1.024
epsilon[1]    0.32   0.061  0.094  0.189  0.253  0.289  0.398    0.5    2.0  2.561
epsilon[2]   0.177   0.005  0.122 -0.108  0.109   0.19  0.259  0.372  657.0  1.019
epsilon[3]   0.234 2.39e-4  0.014  0.207  0.225  0.235  0.244   0.26   3302  1.001
epsilon[4]   0.188 1.59e-4   0.01  0.168  0.181  0.188  0.195  0.208   3961  1.001
epsilon[5]   0.204    0.01   0.11 -0.014  0.132  0.205  0.274  0.426  129.0  1.025
epsilon[6]   0.192   0.005  0.082  0.023  0.139  0.197  0.246  0.348  272.0  1.005
epsilon[7]   0.191 1.64e-4  0.012  0.167  0.183  0.191  0.199  0.215   5519  1.001
epsilon[8]   0.171   0.003  0.062  0.045   0.13  0.172  0.213  0.289  510.0  1.017
epsilon[9]   0.099   0.002  0.064 -0.038  0.059  0.103  0.144  0.214  704.0  1.003
epsilon[10]  0.016   0.004  0.036 -0.053 -0.009  0.014  0.039  0.092  104.0  1.034
epsilon[11]  0.195   0.006  0.062  0.075  0.154  0.195  0.237  0.316  115.0  1.044
epsilon[12]  0.143 2.15e-4  0.011  0.118  0.136  0.143   0.15  0.164   2790  1.001
epsilon[13]  0.043   0.011    0.2 -0.352 -0.088  0.046  0.176  0.435  327.0  1.016
epsilon[14]  0.118 9.82e-4  0.041  0.038  0.092  0.119  0.146  0.198   1733  1.005
epsilon[15]  0.142   0.001   0.04  0.062  0.115  0.143  0.169  0.218   1125  1.004
epsilon[16]  0.176   0.001  0.029  0.131  0.156  0.172  0.193  0.243  530.0  1.005
epsilon[17]   0.21   0.047  0.175 -0.169  0.111  0.207  0.323  0.555   14.0  1.187
epsilon[18]  0.002 5.48e-4  0.022  -0.05 -0.009  0.005  0.017  0.037   1576  1.003
epsilon[19]  0.131   0.064  0.104  -0.04  0.057  0.113  0.205  0.342    3.0  1.988
epsilon[20] -0.011 3.46e-4  0.023 -0.055 -0.027 -0.012  0.004  0.035   4374  1.002
epsilon[21]  -0.02   0.002  0.073 -0.164 -0.068 -0.019  0.029  0.121   1080  1.004
epsilon[22]  0.032   0.014  0.045 -0.073  0.008  0.034  0.059  0.117   10.0  1.143
epsilon[23]  0.073   0.002  0.055 -0.039  0.037  0.073  0.109  0.182   1212  1.003
epsilon[24] -0.016 2.39e-4  0.016 -0.048 -0.027 -0.016 -0.006  0.015   4518  1.001
epsilon[25]  0.044 5.59e-4  0.021  0.002  0.031  0.045  0.058  0.083   1359   1.01
epsilon[26]  0.107   0.044  0.068  0.024  0.057  0.081  0.166  0.244    2.0  2.514
epsilon[27]  0.063   0.001  0.037 -0.006   0.04  0.061  0.084  0.141  974.0  1.003
epsilon[28]  0.001 2.62e-4   0.02 -0.037 -0.0136.13e-4  0.014  0.043   5955    1.0
epsilon[29]  0.148   0.046  0.069 -0.001  0.116  0.174  0.195   0.23    2.0  2.786
epsilon[30]  0.002   0.004  0.038  -0.07 -0.023-5.34e-4  0.024  0.083  105.0   1.04
epsilon[31]  0.883 1.41e-4  0.014  0.855  0.874  0.883  0.893  0.911   9998  1.001
epsilon[32]   0.07 3.98e-4  0.023  0.026  0.055   0.07  0.085  0.115   3248    1.0
epsilon[33]6.95e-4 1.63e-4  0.014 -0.027 -0.0094.98e-4   0.01  0.029   7700  1.001
epsilon[34]  0.106 3.31e-4  0.019  0.071  0.093  0.106  0.119  0.146   3316  1.001
epsilon[35] -0.006  4.5e-4  0.024  -0.05 -0.022 -0.007  0.008  0.043   2750  1.002
epsilon[36]  0.103   0.033  0.067 -0.037  0.057  0.112   0.15  0.219    4.0  1.375
epsilon[37] -0.028 4.91e-4  0.026 -0.074 -0.045 -0.029 -0.012  0.027   2784  1.001
epsilon[38] -0.072   0.006  0.287 -0.645 -0.261 -0.071  0.121  0.486   2270  1.002
epsilon[39]  0.728   0.064  0.097  0.516  0.663  0.766  0.798   0.84    2.0  2.525
epsilon[40]  0.941   0.004  0.058  0.826  0.905   0.94  0.976  1.059  272.0  1.025
epsilon[41] -0.001   0.009  0.058 -0.125 -0.036  0.002  0.037  0.107   47.0  1.048
epsilon[42]  0.967   0.001  0.037  0.903  0.942  0.964  0.989  1.049   1089  1.003
epsilon[43]  0.935 8.04e-4  0.033  0.859  0.917  0.936  0.955  0.996   1728  1.009
epsilon[44]  0.895 3.02e-4  0.016  0.864  0.884  0.895  0.905  0.926   2811  1.003
epsilon[45]  0.353   0.002  0.051  0.259  0.317  0.351  0.386  0.458  825.0  1.005
epsilon[46]  0.938   0.002  0.053  0.817  0.911  0.946  0.971  1.024  550.0  1.009
epsilon[47]   0.67   0.001  0.058  0.565  0.634  0.667  0.703  0.792   1504  1.009
epsilon[48]   0.82   0.006  0.153  0.467  0.736  0.838   0.92  1.081  759.0  1.022
epsilon[49]  0.717    0.01  0.193  0.356  0.582  0.712  0.848  1.101  347.0  1.016
epsilon[50]  0.739   0.007  0.202   0.32  0.617  0.745  0.863   1.14  726.0  1.012
alpha[1]     0.007 1.79e-5  0.001  0.005  0.006  0.007  0.008  0.009   3707  1.006
alpha[2]     0.011   0.002  0.005  0.004  0.007   0.01  0.014  0.022    5.0  1.326
alpha[3]     0.007 2.16e-5  0.001  0.004  0.006  0.007  0.008   0.01   4606  1.001
alpha[4]      0.01 2.23e-5  0.001  0.008  0.009   0.01  0.011  0.012   2956  1.001
alpha[5]     0.011 3.16e-5  0.001  0.009   0.01  0.011  0.012  0.014   1715  1.006
alpha[6]      0.01 1.02e-4  0.003  0.004  0.009   0.01  0.012  0.016  765.0  1.005
alpha[7]     0.006 6.87e-69.47e-4  0.004  0.005  0.006  0.007  0.008  18973    1.0
alpha[8]      0.01 1.12e-5  0.001  0.008  0.009   0.01  0.011  0.012   8621    1.0
alpha[9]     0.008 4.22e-5  0.002  0.003  0.007  0.008  0.009  0.012   2692  1.001
alpha[10]    0.011 5.81e-5  0.001  0.008   0.01  0.011  0.012  0.013  630.0  1.005
alpha[11]    0.012  1.1e-4  0.003  0.007   0.01  0.012  0.014  0.017  555.0  1.007
alpha[12]    0.008 1.69e-5 7.9e-4  0.006  0.007  0.008  0.008  0.009   2197    1.0
alpha[13]    0.024 1.16e-4  0.005  0.013  0.021  0.024  0.027  0.036   2205    1.0
alpha[14]    0.014 2.69e-5  0.002   0.01  0.012  0.014  0.015  0.018   4501    1.0
alpha[15]    0.011 1.04e-59.68e-4  0.009  0.011  0.011  0.012  0.013   8732  1.001
alpha[16]    0.012 2.07e-5  0.001  0.009  0.011  0.012  0.013  0.015   4853  1.002
alpha[17]    0.015 3.11e-5  0.002  0.011  0.014  0.015  0.016  0.019   3875  1.007
alpha[18]    0.005 7.44e-5  0.003 -0.001  0.003  0.005  0.007  0.009   1447  1.003
alpha[19]    0.014 2.41e-5  0.002   0.01  0.013  0.014  0.015  0.018   6586  1.001
alpha[20]    0.013 3.08e-5  0.002  0.008  0.011  0.013  0.015  0.018   6379  1.001
alpha[21]    0.018 3.84e-5  0.003  0.013  0.017  0.018   0.02  0.023   4933  1.002
alpha[22]    0.012 3.87e-5  0.003  0.006   0.01  0.012  0.014  0.017   5195  1.001
alpha[23]    0.016 1.51e-5  0.002  0.013  0.015  0.016  0.017   0.02  14750  1.001
alpha[24]    0.011  3.1e-5  0.002  0.007   0.01  0.011  0.012  0.015   4098  1.001
alpha[25]    0.013 4.29e-4  0.002  0.008  0.012  0.013  0.014  0.017   26.0  1.055
alpha[26]    0.014  4.3e-5  0.002  0.011  0.013  0.014  0.016  0.018   1667  1.008
alpha[27]    0.008  6.9e-5  0.002  0.002  0.007  0.008   0.01  0.012   1282  1.002
alpha[28]    0.018 4.15e-5  0.003  0.012  0.017  0.019  0.021  0.024   5461  1.001
alpha[29]    0.011 5.08e-4  0.002  0.008   0.01  0.011  0.012  0.014   10.0  1.124
alpha[30]    0.008 4.06e-5  0.003  0.002  0.006  0.008   0.01  0.015   6183  1.001
alpha[31]   -0.004 1.17e-5  0.002 -0.008 -0.006 -0.004 -0.003-7.06e-4  25396    1.0
alpha[32]    0.012 1.02e-4  0.003  0.005   0.01  0.012  0.014  0.017  902.0  1.005
alpha[33]    0.016 3.37e-5  0.002  0.012  0.014  0.015  0.017   0.02   3566  1.002
alpha[34]    0.012 2.34e-5  0.002  0.008  0.011  0.012  0.013  0.016   8247    1.0
alpha[35]    0.014 7.42e-5  0.004  0.006  0.012  0.014  0.016  0.022   2584  1.003
alpha[36]    0.013 4.31e-5  0.002  0.009  0.012  0.013  0.015  0.018   2665  1.007
alpha[37]    0.016 1.98e-4  0.004  0.009  0.013  0.016  0.018  0.023  336.0  1.021
alpha[38]   -0.331 3.62e-4  0.019 -0.371 -0.344 -0.331 -0.318 -0.295   2881  1.001
alpha[39]    0.013 1.24e-5  0.001  0.011  0.012  0.013  0.014  0.016  10249    1.0
alpha[40]    0.016 1.73e-4  0.005  0.006  0.013  0.016  0.019  0.026  837.0  1.013
alpha[41]    0.016 7.95e-5  0.003   0.01  0.014  0.016  0.018  0.022   1681  1.001
alpha[42]    0.021 1.47e-4  0.005  0.012  0.017   0.02  0.024  0.032   1264  1.004
alpha[43]    0.007 3.65e-5  0.002  0.003  0.006  0.007  0.008  0.011   2886  1.005
alpha[44]    0.026 4.14e-5  0.003   0.02  0.024  0.026  0.028  0.032   5800  1.001
alpha[45]    0.023 4.14e-5  0.002  0.019  0.021  0.023  0.024  0.027   2412  1.002
alpha[46]    0.015  3.4e-4  0.008-9.82e-4   0.01  0.015   0.02  0.028  490.0  1.017
alpha[47]    0.007 8.24e-5  0.004 -0.002  0.005  0.007   0.01  0.015   2801  1.001
alpha[48]    0.029   0.001  0.021 -0.013  0.016  0.029  0.042  0.071  302.0  1.023
alpha[49]    0.014   0.001   0.03 -0.043 -0.007  0.014  0.035  0.074  869.0  1.009
alpha[50]    0.007   0.009  0.036  -0.06 -0.017  0.005   0.03  0.079   15.0   1.11
A[1]       -3.83e-4   0.016  0.023 -0.051 -0.003  0.012  0.014  0.017    2.0  5.063
A[2]         0.022   0.003  0.008  0.011  0.017  0.021  0.027  0.042    6.0  1.246
A[3]          0.02 1.66e-4  0.006  0.012  0.016  0.019  0.022  0.033   1156  1.011
A[4]         0.006   0.003   0.01 -0.014  0.004  0.009  0.012  0.018    9.0  1.558
A[5]         0.011   0.002  0.011 -0.015   0.01  0.013  0.016  0.032   27.0  1.157
A[6]         0.017 1.22e-4  0.004  0.009  0.015  0.017   0.02  0.024  910.0  1.004
A[7]         0.012   0.001  0.011 -0.016   0.01  0.014  0.017  0.028   89.0  1.029
A[8]         0.021  8.4e-5  0.004  0.013  0.018  0.021  0.023  0.029   2396  1.005
A[9]         0.026 1.13e-4  0.005  0.016  0.022  0.025  0.029  0.037   2180  1.003
A[10]        0.025   0.003  0.019 -0.032   0.02  0.028  0.036  0.053   42.0  1.072
A[11]        0.018 1.75e-4  0.005  0.009  0.015  0.018  0.021  0.027  686.0  1.011
A[12]        0.019 9.77e-5  0.004   0.01  0.016  0.019  0.022  0.027   1899    1.0
A[13]        0.016 7.22e-4  0.013 -0.019  0.012  0.018  0.023  0.036  337.0  1.024
A[14]        0.014 6.02e-4  0.013 -0.017   0.01  0.015  0.021  0.038  460.0  1.025
A[15]        0.015   0.001  0.012 -0.018  0.012  0.017  0.021  0.034  110.0  1.049
A[16]        0.026 7.46e-5  0.004  0.017  0.023  0.026  0.029  0.035   3519  1.002
A[17]        0.036 4.99e-4   0.01  0.019   0.03  0.035  0.042  0.059  402.0  1.025
A[18]        0.022 1.76e-4  0.006  0.009  0.018  0.022  0.026  0.033   1244  1.008
A[19]        0.044   0.011  0.017  0.025  0.033  0.038  0.049  0.088    3.0  2.034
A[20]        0.028 8.74e-4  0.011  0.012  0.024  0.028  0.033  0.044  146.0  1.051
A[21]        0.014   0.001  0.012 -0.016  0.009  0.016  0.021  0.034   98.0  1.037
A[22]        0.035 3.52e-4  0.007  0.021   0.03  0.034  0.039  0.049  407.0  1.017
A[23]        0.015 9.86e-4  0.011 -0.017  0.012  0.017  0.021  0.031  126.0  1.057
A[24]        0.032 1.67e-4  0.006  0.021  0.028  0.032  0.036  0.044   1284  1.012
A[25]        0.028   0.005   0.01  0.014  0.021  0.025  0.031  0.052    3.0   1.54
A[26]        0.051    0.01  0.017  0.028  0.039  0.047  0.058  0.094    3.0  1.662
A[27]        0.027 2.01e-4  0.008  0.014  0.021  0.026  0.031  0.047   1732  1.002
A[28]        0.016   0.002  0.012 -0.017  0.013  0.018  0.024  0.034   53.0  1.045
A[29]        0.056   0.012  0.021  0.021  0.036  0.059  0.071  0.093    3.0  1.784
A[30]        0.024   0.001  0.011 -0.017   0.02  0.025   0.03   0.04  101.0  1.053
A[31]        0.016    0.02  0.028 -0.041-5.59e-4  0.029  0.034  0.047    2.0  3.965
A[32]        0.022   0.002  0.016 -0.017  0.015  0.022   0.03  0.052   94.0   1.04
A[33]        0.033 9.06e-5  0.006  0.022  0.029  0.032  0.036  0.045   4320  1.004
A[34]         0.02 1.02e-4  0.005  0.011  0.017   0.02  0.023  0.029   2008  1.009
A[35]        0.043 1.94e-4  0.007   0.03  0.038  0.043  0.047  0.057   1252  1.013
A[36]        0.054   0.008  0.018  0.028  0.042  0.051  0.064  0.099    5.0  1.307
A[37]        0.018  7.5e-4  0.011 -0.018  0.016   0.02  0.024  0.032  229.0  1.028
A[38]        0.715 8.05e-4  0.045  0.631  0.684  0.714  0.745  0.808   3179  1.001
A[39]        0.039 6.36e-4  0.009  0.023  0.033  0.039  0.045  0.057  183.0  1.024
A[40]        0.031 3.14e-4  0.009  0.014  0.026  0.031  0.036  0.048  905.0  1.004
A[41]         0.03   0.002  0.012  0.008  0.025  0.031  0.037   0.05   65.0  1.059
A[42]        0.036 3.22e-4  0.009  0.022  0.031  0.036  0.041  0.055  724.0  1.008
A[43]        0.018   0.003  0.016 -0.013  0.008  0.019  0.028  0.049   27.0  1.071
A[44]        0.054   0.002  0.011  0.035  0.047  0.054  0.062  0.077   27.0  1.059
A[45]        0.065   0.003  0.014  0.042  0.055  0.064  0.074  0.097   22.0   1.07
A[46]        0.033   0.002  0.014 -0.009  0.027  0.034   0.04  0.055   40.0    1.1
A[47]        0.048 7.47e-4  0.015  0.019   0.04  0.048  0.056  0.073  392.0   1.02
A[48]        0.064  5.8e-4  0.014  0.038  0.055  0.063  0.072  0.094  591.0  1.009
A[49]         0.08   0.003  0.019  0.038  0.068  0.081  0.092  0.115   44.0  1.046
A[50]        0.097   0.003  0.022   0.05  0.084  0.098  0.111  0.136   39.0  1.051
lp__        -424.2   8.703 22.038 -469.0 -438.9 -423.5 -408.7 -383.1    6.0  1.212

Samples were drawn using NUTS at Tue Mar 19 16:26:55 2019.
For each parameter, n_eff is a crude measure of effective sample size,
and Rhat is the potential scale reduction factor on split chains (at 
convergence, Rhat=1).