                                                                                                                                                                                                                                                                
                        1                        2
                   M_star                   R_star
  0.1591360000000000E+034  0.1748525958957544E+013
                        1                        2                        3                        4                        5
                        l                     n_pg                 Re(freq)                 Im(freq)                   E_norm
                        0                       10  0.1067085229078400E+002  0.0000000000000000E+000  0.8423819661965077E-004
                        0                       11  0.1175060031040943E+002  0.0000000000000000E+000  0.8661522181791162E-004
                        0                       12  0.1283514387812375E+002  0.0000000000000000E+000  0.8840944950864997E-004
                        0                       13  0.1392239712038939E+002  0.0000000000000000E+000  0.9063147271097910E-004
                        0                       14  0.1500958980140052E+002  0.0000000000000000E+000  0.9207568390166036E-004
                        0                       15  0.1610157271599199E+002  0.0000000000000000E+000  0.9337692670400482E-004
                        0                       16  0.1719216178502988E+002  0.0000000000000000E+000  0.9435601682923090E-004
                        0                       17  0.1828535349213721E+002  0.0000000000000000E+000  0.9471199097148992E-004
                        0                       18  0.1937837441694315E+002  0.0000000000000000E+000  0.9489025872794370E-004
                        0                       19  0.2047238891170434E+002  0.0000000000000000E+000  0.9443746780006247E-004
                        0                       20  0.2156658085568132E+002  0.0000000000000000E+000  0.9371791443233646E-004
                        0                       21  0.2266093882440349E+002  0.0000000000000000E+000  0.9254664220911197E-004
                        0                       22  0.2375549902501507E+002  0.0000000000000000E+000  0.9097803720056398E-004
                        0                       23  0.2484980886811189E+002  0.0000000000000000E+000  0.8911020635851908E-004
                        0                       24  0.2594396252300225E+002  0.0000000000000000E+000  0.8693052218234161E-004
                        0                       25  0.2703774583864219E+002  0.0000000000000000E+000  0.8452275307083063E-004
                        0                       26  0.2813112710481520E+002  0.0000000000000000E+000  0.8196667680317608E-004
                        0                       27  0.2922402382000217E+002  0.0000000000000000E+000  0.7924929196039554E-004
                        0                       28  0.3031630106246982E+002  0.0000000000000000E+000  0.7646203121570605E-004
                        0                       29  0.3140794411712798E+002  0.0000000000000000E+000  0.7365618946238663E-004
                        0                       30  0.3249883019812609E+002  0.0000000000000000E+000  0.7085861916013174E-004
                        0                       31  0.3358882966234680E+002  0.0000000000000000E+000  0.6815543968849846E-004
                        0                       32  0.3467816278285540E+002  0.0000000000000000E+000  0.6559441007816833E-004
                        0                       33  0.3576653508021996E+002  0.0000000000000000E+000  0.6319413471467257E-004
                        0                       34  0.3685421463920943E+002  0.0000000000000000E+000  0.6102132620832323E-004
                        0                       35  0.3794126696553909E+002  0.0000000000000000E+000  0.5903757772077035E-004
                        0                       36  0.3902747905805009E+002  0.0000000000000000E+000  0.5733312831084856E-004
                        0                       37  0.4011303533600099E+002  0.0000000000000000E+000  0.5586125843295176E-004
                        0                       38  0.4119820232860286E+002  0.0000000000000000E+000  0.5473104239093968E-004
                        0                       39  0.4228294389081006E+002  0.0000000000000000E+000  0.5388932274982029E-004
                        0                       40  0.4336747426949118E+002  0.0000000000000000E+000  0.5338210736010938E-004
                        0                       41  0.4445233268921397E+002  0.0000000000000000E+000  0.5317168864941353E-004
                        0                       42  0.4553733052456239E+002  0.0000000000000000E+000  0.5319318899088334E-004
                        0                       43  0.4662250663994294E+002  0.0000000000000000E+000  0.5345130176956381E-004
                        0                       44  0.4770807158005712E+002  0.0000000000000000E+000  0.5400278780974283E-004
                        0                       45  0.4879445853336802E+002  0.0000000000000000E+000  0.5474118657987731E-004
                        0                       46  0.4988122200299856E+002  0.0000000000000000E+000  0.5562119819011633E-004
                        0                       47  0.5096848763281371E+002  0.0000000000000000E+000  0.5670591626889741E-004
                        0                       48  0.5205653821946016E+002  0.0000000000000000E+000  0.5796956715617045E-004
                        0                       49  0.5314544651943832E+002  0.0000000000000000E+000  0.5935557671875292E-004
                        0                       50  0.5423520865150335E+002  0.0000000000000000E+000  0.6080299145468524E-004
                        0                       51  0.5532573898635381E+002  0.0000000000000000E+000  0.6225439584507908E-004
                        0                       52  0.5641687208974783E+002  0.0000000000000000E+000  0.6367699392719146E-004
                        0                       53  0.5750854143826525E+002  0.0000000000000000E+000  0.6505967729916078E-004
                        0                       54  0.5860071008927696E+002  0.0000000000000000E+000  0.6638444519046214E-004
                        0                       55  0.5969340297080203E+002  0.0000000000000000E+000  0.6762903183306899E-004
                        0                       56  0.6078651681550956E+002  0.0000000000000000E+000  0.6877217247739550E-004
                        0                       57  0.6188003654957374E+002  0.0000000000000000E+000  0.6977909359640668E-004
                        0                       58  0.6297385052285444E+002  0.0000000000000000E+000  0.7064692399699058E-004
                        0                       59  0.6406785452045486E+002  0.0000000000000000E+000  0.7131528416011469E-004
                        0                       60  0.6516203321144648E+002  0.0000000000000000E+000  0.7182492297639483E-004
                        0                       61  0.6625634632250497E+002  0.0000000000000000E+000  0.7217129232600982E-004
                        0                       62  0.6735067614127034E+002  0.0000000000000000E+000  0.7232372747703292E-004
                        0                       63  0.6844499725785002E+002  0.0000000000000000E+000  0.7230632818476846E-004
                        0                       64  0.6953925615078109E+002  0.0000000000000000E+000  0.7213380897240654E-004
                        0                       65  0.7063341985525204E+002  0.0000000000000000E+000  0.7180068086877877E-004
                        0                       66  0.7172736690860931E+002  0.0000000000000000E+000  0.7129886723032617E-004
                        0                       67  0.7282116857983169E+002  0.0000000000000000E+000  0.7069192979209558E-004
                        0                       68  0.7391469535435141E+002  0.0000000000000000E+000  0.6995214221471988E-004
                        0                       69  0.7500793672929460E+002  0.0000000000000000E+000  0.6913167150966452E-004
                        0                       70  0.7610091381291971E+002  0.0000000000000000E+000  0.6823711196301189E-004
                        0                       71  0.7719350217876463E+002  0.0000000000000000E+000  0.6727694780298999E-004
                        0                       72  0.7828576276022848E+002  0.0000000000000000E+000  0.6630360024638584E-004
                        0                       73  0.7937767019989090E+002  0.0000000000000000E+000  0.6531058211620310E-004
                        0                       74  0.8046920996215653E+002  0.0000000000000000E+000  0.6432868508572715E-004
                        0                       75  0.8156036465173385E+002  0.0000000000000000E+000  0.6336967866522585E-004
                        0                       76  0.8265118467597448E+002  0.0000000000000000E+000  0.6247739378238932E-004
                        0                       77  0.8374165018726158E+002  0.0000000000000000E+000  0.6162294348389683E-004
                        0                       78  0.8483179429347462E+002  0.0000000000000000E+000  0.6085366736851906E-004
                        0                       79  0.8592166090720215E+002  0.0000000000000000E+000  0.6018734903269880E-004
                        0                       80  0.8701124390399286E+002  0.0000000000000000E+000  0.5962898084096419E-004
                        0                       81  0.8810072284263053E+002  0.0000000000000000E+000  0.5918644856300660E-004
                        0                       82  0.8919007671078663E+002  0.0000000000000000E+000  0.5883301153414531E-004
                        0                       83  0.9027934139909767E+002  0.0000000000000000E+000  0.5860894598224477E-004
                        0                       84  0.9136858429141765E+002  0.0000000000000000E+000  0.5847239436642244E-004
                        0                       85  0.9245784835599083E+002  0.0000000000000000E+000  0.5846341795272277E-004
                        0                       86  0.9354714404121164E+002  0.0000000000000000E+000  0.5856929299436734E-004
                        0                       87  0.9463658746584731E+002  0.0000000000000000E+000  0.5878192533374191E-004
                        0                       88  0.9572621109431724E+002  0.0000000000000000E+000  0.5910063229085092E-004
                        0                       89  0.9681601018787777E+002  0.0000000000000000E+000  0.5949437560177615E-004
                        0                       90  0.9790612832686253E+002  0.0000000000000000E+000  0.5996761192531841E-004
                        0                       91  0.9899646602899109E+002  0.0000000000000000E+000  0.6047840064652522E-004
                        0                       92  0.1000870831420449E+003  0.0000000000000000E+000  0.6106322175596641E-004
                        0                       93  0.1011780012709211E+003  0.0000000000000000E+000  0.6166126857398433E-004
                        0                       94  0.1022691715244203E+003  0.0000000000000000E+000  0.6229663496640284E-004
                        0                       95  0.1033606263151005E+003  0.0000000000000000E+000  0.6293415714296551E-004
                        0                       96  0.1044523657549388E+003  0.0000000000000000E+000  0.6356889439534704E-004
                        0                       97  0.1055443430744656E+003  0.0000000000000000E+000  0.6419838319909135E-004
                        0                       98  0.1066365399418389E+003  0.0000000000000000E+000  0.6476262572671598E-004
                        0                       99  0.1077289884465382E+003  0.0000000000000000E+000  0.6532036264555786E-004
                        0                      100  0.1088215707828091E+003  0.0000000000000000E+000  0.6581969388492483E-004
                        0                      101  0.1099143556125500E+003  0.0000000000000000E+000  0.6626409484714339E-004
                        0                      102  0.1110072962377559E+003  0.0000000000000000E+000  0.6661327899978362E-004
                        0                      103  0.1121003114165904E+003  0.0000000000000000E+000  0.6689759037844956E-004
                        0                      104  0.1131934334448067E+003  0.0000000000000000E+000  0.6709701498126975E-004
                        0                      105  0.1142865758957750E+003  0.0000000000000000E+000  0.6725664868097693E-004
                        0                      106  0.1153797284945583E+003  0.0000000000000000E+000  0.6736202863251647E-004
                        0                      107  0.1164728904596632E+003  0.0000000000000000E+000  0.6732190645567475E-004
                        0                      108  0.1175660483670321E+003  0.0000000000000000E+000  0.6722296349270553E-004
                        0                      109  0.1186590992372286E+003  0.0000000000000000E+000  0.6704222699305073E-004
                        0                      110  0.1197521010121138E+003  0.0000000000000000E+000  0.6685602517974330E-004
                        0                      111  0.1208449674946356E+003  0.0000000000000000E+000  0.6660227333600338E-004
                        0                      112  0.1219376866217453E+003  0.0000000000000000E+000  0.6629168196919332E-004
                        0                      113  0.1230303281766094E+003  0.0000000000000000E+000  0.6593613432146366E-004
                        0                      114  0.1241228026307256E+003  0.0000000000000000E+000  0.6552379521929405E-004
                        0                      115  0.1252151313997286E+003  0.0000000000000000E+000  0.6508037514749484E-004
                        0                      116  0.1263073148421375E+003  0.0000000000000000E+000  0.6464008932491813E-004
                        0                      117  0.1273993261105001E+003  0.0000000000000000E+000  0.6422037997558109E-004
                        0                      118  0.1284911399927133E+003  0.0000000000000000E+000  0.6373653774652262E-004
                        0                      119  0.1295828309043723E+003  0.0000000000000000E+000  0.6335130415004555E-004
                        0                      120  0.1306743408609047E+003  0.0000000000000000E+000  0.6296163429536723E-004
                        0                      121  0.1317656918296180E+003  0.0000000000000000E+000  0.6255708847407964E-004
                        0                      122  0.1328569707367739E+003  0.0000000000000000E+000  0.6222973304339929E-004
                        0                      123  0.1339480865679607E+003  0.0000000000000000E+000  0.6193137950945151E-004
                        0                      124  0.1350391247398377E+003  0.0000000000000000E+000  0.6164929458621932E-004
                        0                      125  0.1361300959312213E+003  0.0000000000000000E+000  0.6142445262704664E-004
                        0                      126  0.1372209871261417E+003  0.0000000000000000E+000  0.6130382153171700E-004
                        0                      127  0.1383118471519012E+003  0.0000000000000000E+000  0.6118840522147137E-004
                        0                      128  0.1394027301884962E+003  0.0000000000000000E+000  0.6116108430613227E-004
                        0                      129  0.1404936195152115E+003  0.0000000000000000E+000  0.6112341394811127E-004
                        0                      130  0.1415845397595783E+003  0.0000000000000000E+000  0.6114870507961727E-004
                        0                      131  0.1426755506199570E+003  0.0000000000000000E+000  0.6129435120878307E-004
                        0                      132  0.1437665762827905E+003  0.0000000000000000E+000  0.6143472078002774E-004
                        0                      133  0.1448577296359805E+003  0.0000000000000000E+000  0.6161580535389075E-004
                        0                      134  0.1459489890603230E+003  0.0000000000000000E+000  0.6184267929918539E-004
                        0                      135  0.1470403426989129E+003  0.0000000000000000E+000  0.6211316531986884E-004
                        0                      136  0.1481318621129810E+003  0.0000000000000000E+000  0.6232929638399342E-004
                        0                      137  0.1492234958488354E+003  0.0000000000000000E+000  0.6262222394089661E-004
