                                                                                                                                                                                                                                                                
                        1                        2
                   M_star                   R_star
  0.2784880000000000E+034  0.2201187788984050E+012
                        1                        2                        3                        4                        5
                        l                     n_pg                 Re(freq)                 Im(freq)                   E_norm
                        0                        1  0.4258188206494718E+002  0.0000000000000000E+000  0.5988224773200172E-001
                        0                        2  0.8020082943397165E+002  0.0000000000000000E+000  0.4269207945980519E-002
                        0                        3  0.1143944859189449E+003  0.0000000000000000E+000  0.7089447547298510E-003
                        0                        4  0.1468329358918319E+003  0.0000000000000000E+000  0.1670549289001660E-003
