                                                                                                                                                                                                                                                                
                        1                        2
                   M_star                   R_star
  0.2387040000000000E+034  0.2775117118037224E+012
                        1                        2                        3                        4                        5
                        l                     n_pg                 Re(freq)                 Im(freq)                   E_norm
                        0                        1  0.2798729515998712E+002  0.0000000000000000E+000  0.5546022210892845E-001
                        0                        2  0.5263214335733333E+002  0.0000000000000000E+000  0.3324759612382264E-002
                        0                        3  0.7447445774736170E+002  0.0000000000000000E+000  0.4738633643502996E-003
                        0                        4  0.9502745864332302E+002  0.0000000000000000E+000  0.1075903947308132E-003
                        0                        5  0.1153871755564879E+003  0.0000000000000000E+000  0.2892249387074912E-004
                        0                        6  0.1348033751308911E+003  0.0000000000000000E+000  0.8043787015520722E-005
