                                                                                                                                                                                                                                                                
                        1                        2
                   M_star                   R_star
  0.1591360000000000E+034  0.1389055988041725E+013
                        1                        2                        3                        4                        5
                        l                     n_pg                 Re(freq)                 Im(freq)                   E_norm
                        0                        7  0.1048027121603650E+002  0.0000000000000000E+000  0.4504486172430324E-004
                        0                        8  0.1194079123777063E+002  0.0000000000000000E+000  0.4315039056746164E-004
                        0                        9  0.1342242421184305E+002  0.0000000000000000E+000  0.4399802415084095E-004
                        0                       10  0.1491201887228911E+002  0.0000000000000000E+000  0.4460293297890334E-004
                        0                       11  0.1641112122653826E+002  0.0000000000000000E+000  0.4540395497978978E-004
                        0                       12  0.1791293404970743E+002  0.0000000000000000E+000  0.4653761507874539E-004
                        0                       13  0.1942007051247348E+002  0.0000000000000000E+000  0.4740124210412801E-004
                        0                       14  0.2093223859264652E+002  0.0000000000000000E+000  0.4850391909480079E-004
                        0                       15  0.2244413524500275E+002  0.0000000000000000E+000  0.4932251624515137E-004
                        0                       16  0.2396140568202749E+002  0.0000000000000000E+000  0.5020723392520058E-004
                        0                       17  0.2547796337916139E+002  0.0000000000000000E+000  0.5084207473403379E-004
                        0                       18  0.2699795542233003E+002  0.0000000000000000E+000  0.5142782611098013E-004
                        0                       19  0.2851767160208679E+002  0.0000000000000000E+000  0.5179198618288657E-004
                        0                       20  0.3003937726433647E+002  0.0000000000000000E+000  0.5204177199012675E-004
                        0                       21  0.3156124256635633E+002  0.0000000000000000E+000  0.5211062185938988E-004
                        0                       22  0.3308392724353571E+002  0.0000000000000000E+000  0.5200648055540825E-004
                        0                       23  0.3460684093517241E+002  0.0000000000000000E+000  0.5177355160215768E-004
                        0                       24  0.3613021831149604E+002  0.0000000000000000E+000  0.5136445459665943E-004
                        0                       25  0.3765365418261958E+002  0.0000000000000000E+000  0.5081926265223398E-004
                        0                       26  0.3917708838954391E+002  0.0000000000000000E+000  0.5014490197675357E-004
                        0                       27  0.4070066416939965E+002  0.0000000000000000E+000  0.4933566395786313E-004
                        0                       28  0.4222387014184755E+002  0.0000000000000000E+000  0.4841247035533036E-004
                        0                       29  0.4374691387310526E+002  0.0000000000000000E+000  0.4739437809203629E-004
                        0                       30  0.4526965483927762E+002  0.0000000000000000E+000  0.4629588513548727E-004
                        0                       31  0.4679188900166564E+002  0.0000000000000000E+000  0.4512886651881865E-004
                        0                       32  0.4831355895452913E+002  0.0000000000000000E+000  0.4393742849359577E-004
                        0                       33  0.4983495113804453E+002  0.0000000000000000E+000  0.4271435753982937E-004
                        0                       34  0.5135548689477943E+002  0.0000000000000000E+000  0.4148022064062477E-004
                        0                       35  0.5287548755796073E+002  0.0000000000000000E+000  0.4025734991378225E-004
                        0                       36  0.5439496964646851E+002  0.0000000000000000E+000  0.3903514324149561E-004
                        0                       37  0.5591340588114659E+002  0.0000000000000000E+000  0.3786932235559851E-004
                        0                       38  0.5743144087226840E+002  0.0000000000000000E+000  0.3673485861520121E-004
                        0                       39  0.5894848273748395E+002  0.0000000000000000E+000  0.3567471188450609E-004
                        0                       40  0.6046498852480854E+002  0.0000000000000000E+000  0.3467739507795586E-004
                        0                       41  0.6198055528962630E+002  0.0000000000000000E+000  0.3376971709922684E-004
                        0                       42  0.6349574013928449E+002  0.0000000000000000E+000  0.3297401271459340E-004
                        0                       43  0.6501035509844174E+002  0.0000000000000000E+000  0.3225295004203077E-004
                        0                       44  0.6652433554692676E+002  0.0000000000000000E+000  0.3164903257200600E-004
                        0                       45  0.6803812943975429E+002  0.0000000000000000E+000  0.3115444539211707E-004
                        0                       46  0.6955171386137798E+002  0.0000000000000000E+000  0.3074812940073006E-004
                        0                       47  0.7106500757657817E+002  0.0000000000000000E+000  0.3042418681689069E-004
                        0                       48  0.7257790663727151E+002  0.0000000000000000E+000  0.3023490159572618E-004
                        0                       49  0.7409108330242123E+002  0.0000000000000000E+000  0.3017807078027627E-004
                        0                       50  0.7560474010859490E+002  0.0000000000000000E+000  0.3020126411628011E-004
                        0                       51  0.7711848746417620E+002  0.0000000000000000E+000  0.3030222426565401E-004
                        0                       52  0.7863237125212436E+002  0.0000000000000000E+000  0.3049640514439737E-004
                        0                       53  0.8014675269031923E+002  0.0000000000000000E+000  0.3079861882711254E-004
                        0                       54  0.8166179617468907E+002  0.0000000000000000E+000  0.3118727039828953E-004
                        0                       55  0.8317762311185044E+002  0.0000000000000000E+000  0.3164505525448979E-004
                        0                       56  0.8469417800931961E+002  0.0000000000000000E+000  0.3214425605645544E-004
                        0                       57  0.8621131016635235E+002  0.0000000000000000E+000  0.3267576609998235E-004
                        0                       58  0.8772910752565426E+002  0.0000000000000000E+000  0.3322823751997897E-004
                        0                       59  0.8924742519390271E+002  0.0000000000000000E+000  0.3380698892941345E-004
                        0                       60  0.9076635087424913E+002  0.0000000000000000E+000  0.3441066920383032E-004
                        0                       61  0.9228582537784949E+002  0.0000000000000000E+000  0.3502524606662713E-004
                        0                       62  0.9380593742845460E+002  0.0000000000000000E+000  0.3564294898320027E-004
                        0                       63  0.9532659272777067E+002  0.0000000000000000E+000  0.3624445404187034E-004
                        0                       64  0.9684780198178251E+002  0.0000000000000000E+000  0.3682960063048992E-004
                        0                       65  0.9836950675817553E+002  0.0000000000000000E+000  0.3738150819495000E-004
                        0                       66  0.9989158901560435E+002  0.0000000000000000E+000  0.3790619305525605E-004
                        0                       67  0.1014140180881325E+003  0.0000000000000000E+000  0.3837867567339557E-004
                        0                       68  0.1029367603865404E+003  0.0000000000000000E+000  0.3879898226426692E-004
                        0                       69  0.1044597192736203E+003  0.0000000000000000E+000  0.3916462718883354E-004
                        0                       70  0.1059829505054129E+003  0.0000000000000000E+000  0.3946713521935445E-004
                        0                       71  0.1075063409111207E+003  0.0000000000000000E+000  0.3971881561741297E-004
                        0                       72  0.1090298482353685E+003  0.0000000000000000E+000  0.3990382236309468E-004
                        0                       73  0.1105534451229240E+003  0.0000000000000000E+000  0.4003257055944766E-004
                        0                       74  0.1120770679556668E+003  0.0000000000000000E+000  0.4008675456606369E-004
                        0                       75  0.1136006905696728E+003  0.0000000000000000E+000  0.4008655334125887E-004
                        0                       76  0.1151242477934266E+003  0.0000000000000000E+000  0.4001547467690720E-004
                        0                       77  0.1166477143405189E+003  0.0000000000000000E+000  0.3991052557347006E-004
                        0                       78  0.1181710857268523E+003  0.0000000000000000E+000  0.3974654846485929E-004
                        0                       79  0.1196942493810632E+003  0.0000000000000000E+000  0.3953693558742574E-004
                        0                       80  0.1212172584911634E+003  0.0000000000000000E+000  0.3927964002345170E-004
                        0                       81  0.1227400467529693E+003  0.0000000000000000E+000  0.3897448029772502E-004
                        0                       82  0.1242625877417674E+003  0.0000000000000000E+000  0.3863885532668268E-004
                        0                       83  0.1257848847374307E+003  0.0000000000000000E+000  0.3827618072502156E-004
                        0                       84  0.1273068378795847E+003  0.0000000000000000E+000  0.3789437320012881E-004
                        0                       85  0.1288285355098315E+003  0.0000000000000000E+000  0.3749242479040949E-004
                        0                       86  0.1303499460896486E+003  0.0000000000000000E+000  0.3708185043080823E-004
                        0                       87  0.1318710116380380E+003  0.0000000000000000E+000  0.3665414385686627E-004
                        0                       88  0.1333917714056627E+003  0.0000000000000000E+000  0.3625119093989572E-004
                        0                       89  0.1349122890913083E+003  0.0000000000000000E+000  0.3585830359319924E-004
                        0                       90  0.1364324556389067E+003  0.0000000000000000E+000  0.3547690396021195E-004
                        0                       91  0.1379524490583511E+003  0.0000000000000000E+000  0.3512427422886431E-004
                        0                       92  0.1394720118824897E+003  0.0000000000000000E+000  0.3476795153385404E-004
                        0                       93  0.1409913990599894E+003  0.0000000000000000E+000  0.3445391326764689E-004
                        0                       94  0.1425105029617268E+003  0.0000000000000000E+000  0.3417234791996571E-004
                        0                       95  0.1440294295503633E+003  0.0000000000000000E+000  0.3392438296597015E-004
                        0                       96  0.1455481778029661E+003  0.0000000000000000E+000  0.3371746303413445E-004
                        0                       97  0.1470668342149046E+003  0.0000000000000000E+000  0.3354237721941067E-004
                        0                       98  0.1485853652442675E+003  0.0000000000000000E+000  0.3338985219148040E-004
