                                                                                                                                                                                                                                                                
                        1                        2
                   M_star                   R_star
  0.2784880000000000E+034  0.2771863274608288E+012
                        1                        2                        3                        4                        5
                        l                     n_pg                 Re(freq)                 Im(freq)                   E_norm
                        0                        1  0.2969695090277205E+002  0.0000000000000000E+000  0.6468612577796036E-001
                        0                        2  0.5650392152484093E+002  0.0000000000000000E+000  0.4183012400343127E-002
                        0                        3  0.8056198434197893E+002  0.0000000000000000E+000  0.6393812736085097E-003
                        0                        4  0.1033494619981918E+003  0.0000000000000000E+000  0.1411199655434401E-003
                        0                        5  0.1255501529944071E+003  0.0000000000000000E+000  0.3622331088981297E-004
                        0                        6  0.1467101796717193E+003  0.0000000000000000E+000  0.9970680266800514E-005
