                                                                                                                                                                                                                                                                
                        1                        2
                   M_star                   R_star
  0.3182720000000000E+034  0.1749044507617537E+013
                        1                        2                        3                        4                        5
                        l                     n_pg                 Re(freq)                 Im(freq)                   E_norm
                        0                        7  0.1032732334562597E+002  0.0000000000000000E+000  0.2994336076628004E-004
                        0                        8  0.1175059965536577E+002  0.0000000000000000E+000  0.2567999558798667E-004
                        0                        9  0.1314202163889019E+002  0.0000000000000000E+000  0.2513857481417914E-004
                        0                       10  0.1458859198388668E+002  0.0000000000000000E+000  0.2531616299001933E-004
                        0                       11  0.1601625424693198E+002  0.0000000000000000E+000  0.2504340144973094E-004
                        0                       12  0.1746809396465034E+002  0.0000000000000000E+000  0.2593451381672579E-004
                        0                       13  0.1892269883773168E+002  0.0000000000000000E+000  0.2574263529477130E-004
                        0                       14  0.2037440123788458E+002  0.0000000000000000E+000  0.2597432732224607E-004
                        0                       15  0.2183370867989506E+002  0.0000000000000000E+000  0.2635218847513697E-004
                        0                       16  0.2329463542918447E+002  0.0000000000000000E+000  0.2674533534313173E-004
                        0                       17  0.2476162121696768E+002  0.0000000000000000E+000  0.2699201360485654E-004
                        0                       18  0.2622661480932762E+002  0.0000000000000000E+000  0.2696686028487124E-004
                        0                       19  0.2769370937220620E+002  0.0000000000000000E+000  0.2715303334285867E-004
                        0                       20  0.2916348950682296E+002  0.0000000000000000E+000  0.2710037257159791E-004
                        0                       21  0.3063222559114758E+002  0.0000000000000000E+000  0.2703668109673218E-004
                        0                       22  0.3210424928829241E+002  0.0000000000000000E+000  0.2692633103211835E-004
                        0                       23  0.3357590475216270E+002  0.0000000000000000E+000  0.2654599832989045E-004
                        0                       24  0.3504680431740988E+002  0.0000000000000000E+000  0.2621021589047390E-004
                        0                       25  0.3651937255032874E+002  0.0000000000000000E+000  0.2580178632092060E-004
                        0                       26  0.3799149633937661E+002  0.0000000000000000E+000  0.2528840053301029E-004
                        0                       27  0.3946399342961217E+002  0.0000000000000000E+000  0.2473038655352495E-004
                        0                       28  0.4093642041653910E+002  0.0000000000000000E+000  0.2406913035782180E-004
                        0                       29  0.4240795698724619E+002  0.0000000000000000E+000  0.2337573340054505E-004
                        0                       30  0.4387944450488894E+002  0.0000000000000000E+000  0.2266849191590852E-004
                        0                       31  0.4535076731610028E+002  0.0000000000000000E+000  0.2192481594538545E-004
                        0                       32  0.4682142031275455E+002  0.0000000000000000E+000  0.2113694149964375E-004
                        0                       33  0.4829124444630395E+002  0.0000000000000000E+000  0.2034904711785135E-004
                        0                       34  0.4976014096380406E+002  0.0000000000000000E+000  0.1956072459693406E-004
                        0                       35  0.5122839131734371E+002  0.0000000000000000E+000  0.1880976657113702E-004
                        0                       36  0.5269589368392490E+002  0.0000000000000000E+000  0.1807170891690451E-004
                        0                       37  0.5416245768539351E+002  0.0000000000000000E+000  0.1735811473111466E-004
                        0                       38  0.5562772809728526E+002  0.0000000000000000E+000  0.1668390636488978E-004
                        0                       39  0.5709216362698194E+002  0.0000000000000000E+000  0.1608065502900423E-004
                        0                       40  0.5855582287782811E+002  0.0000000000000000E+000  0.1552589064149861E-004
                        0                       41  0.6001865266353955E+002  0.0000000000000000E+000  0.1502555604375238E-004
                        0                       42  0.6148051441096070E+002  0.0000000000000000E+000  0.1458809856822473E-004
                        0                       43  0.6294156769384831E+002  0.0000000000000000E+000  0.1423201515167134E-004
                        0                       44  0.6440220393243018E+002  0.0000000000000000E+000  0.1395011123771513E-004
                        0                       45  0.6586236211374350E+002  0.0000000000000000E+000  0.1374036543577098E-004
                        0                       46  0.6732260614893980E+002  0.0000000000000000E+000  0.1360865395427649E-004
                        0                       47  0.6878270826834172E+002  0.0000000000000000E+000  0.1353787660745179E-004
                        0                       48  0.7024282529592398E+002  0.0000000000000000E+000  0.1354770754067978E-004
                        0                       49  0.7170368235101186E+002  0.0000000000000000E+000  0.1363461283997994E-004
                        0                       50  0.7316523429212319E+002  0.0000000000000000E+000  0.1376960902084196E-004
                        0                       51  0.7462725212565462E+002  0.0000000000000000E+000  0.1396457034588688E-004
                        0                       52  0.7609007505702351E+002  0.0000000000000000E+000  0.1421527241680185E-004
                        0                       53  0.7755400492258359E+002  0.0000000000000000E+000  0.1451964248857960E-004
                        0                       54  0.7901888123812212E+002  0.0000000000000000E+000  0.1485364385690802E-004
                        0                       55  0.8048463026827808E+002  0.0000000000000000E+000  0.1522261710806081E-004
                        0                       56  0.8195142408473353E+002  0.0000000000000000E+000  0.1561779714451896E-004
                        0                       57  0.8341934314269706E+002  0.0000000000000000E+000  0.1603678140733743E-004
                        0                       58  0.8488824479491245E+002  0.0000000000000000E+000  0.1646368893589756E-004
                        0                       59  0.8635810989393904E+002  0.0000000000000000E+000  0.1688266707144243E-004
                        0                       60  0.8782878803617096E+002  0.0000000000000000E+000  0.1729258048820748E-004
                        0                       61  0.8930011197014693E+002  0.0000000000000000E+000  0.1768313979650107E-004
                        0                       62  0.9077213290939110E+002  0.0000000000000000E+000  0.1806397181425063E-004
                        0                       63  0.9224480523630262E+002  0.0000000000000000E+000  0.1840676011247369E-004
                        0                       64  0.9371808229098468E+002  0.0000000000000000E+000  0.1872346932017505E-004
                        0                       65  0.9519179944419628E+002  0.0000000000000000E+000  0.1899286665291509E-004
                        0                       66  0.9666577548559579E+002  0.0000000000000000E+000  0.1921971555677576E-004
                        0                       67  0.9814000268805263E+002  0.0000000000000000E+000  0.1940507028649969E-004
                        0                       68  0.9961437268925829E+002  0.0000000000000000E+000  0.1954914830670381E-004
                        0                       69  0.1010889872334661E+003  0.0000000000000000E+000  0.1965820911016244E-004
                        0                       70  0.1025637660759822E+003  0.0000000000000000E+000  0.1970116657515507E-004
                        0                       71  0.1040386194340737E+003  0.0000000000000000E+000  0.1970753208281361E-004
                        0                       72  0.1055134874759501E+003  0.0000000000000000E+000  0.1965946492334878E-004
                        0                       73  0.1069882897094110E+003  0.0000000000000000E+000  0.1957420420887666E-004
                        0                       74  0.1084628687407547E+003  0.0000000000000000E+000  0.1942367085804952E-004
                        0                       75  0.1099372134690330E+003  0.0000000000000000E+000  0.1923382971400365E-004
                        0                       76  0.1114111425001948E+003  0.0000000000000000E+000  0.1900987770465502E-004
                        0                       77  0.1128847395833287E+003  0.0000000000000000E+000  0.1875160860770604E-004
                        0                       78  0.1143579128374390E+003  0.0000000000000000E+000  0.1847646338664019E-004
                        0                       79  0.1158306351027462E+003  0.0000000000000000E+000  0.1817337512753068E-004
                        0                       80  0.1173028223001340E+003  0.0000000000000000E+000  0.1786581001450269E-004
                        0                       81  0.1187745149836105E+003  0.0000000000000000E+000  0.1753277873251619E-004
                        0                       82  0.1202457026376926E+003  0.0000000000000000E+000  0.1720706294523503E-004
                        0                       83  0.1217163586283338E+003  0.0000000000000000E+000  0.1688620842242158E-004
                        0                       84  0.1231863898006219E+003  0.0000000000000000E+000  0.1657499431982390E-004
                        0                       85  0.1246559250143429E+003  0.0000000000000000E+000  0.1626848523555345E-004
                        0                       86  0.1261248260962612E+003  0.0000000000000000E+000  0.1597045714399604E-004
                        0                       87  0.1275932733086309E+003  0.0000000000000000E+000  0.1570618031639584E-004
                        0                       88  0.1290611817586210E+003  0.0000000000000000E+000  0.1545219848051550E-004
                        0                       89  0.1305287032494882E+003  0.0000000000000000E+000  0.1525077467804748E-004
                        0                       90  0.1319958548497428E+003  0.0000000000000000E+000  0.1507037494404993E-004
                        0                       91  0.1334626610800319E+003  0.0000000000000000E+000  0.1493898945074505E-004
                        0                       92  0.1349292728738005E+003  0.0000000000000000E+000  0.1481963180003370E-004
                        0                       93  0.1363957288248515E+003  0.0000000000000000E+000  0.1474111501613283E-004
                        0                       94  0.1378621227239641E+003  0.0000000000000000E+000  0.1470077322809080E-004
                        0                       95  0.1393285453647352E+003  0.0000000000000000E+000  0.1470274129256128E-004
                        0                       96  0.1407950697433608E+003  0.0000000000000000E+000  0.1474447653354084E-004
                        0                       97  0.1422617982960905E+003  0.0000000000000000E+000  0.1481555416400879E-004
                        0                       98  0.1437288288486255E+003  0.0000000000000000E+000  0.1492745415729755E-004
                        0                       99  0.1451961596988943E+003  0.0000000000000000E+000  0.1504679446600815E-004
                        0                      100  0.1466639450618993E+003  0.0000000000000000E+000  0.1520549245436611E-004
                        0                      101  0.1481322088493321E+003  0.0000000000000000E+000  0.1538546429003726E-004
                        0                      102  0.1496008866132857E+003  0.0000000000000000E+000  0.1559625481440322E-004
