                                                                                                                                                                                                                                                                
                        1                        2
                   M_star                   R_star
  0.3182720000000000E+034  0.2774216258277926E+012
                        1                        2                        3                        4                        5
                        l                     n_pg                 Re(freq)                 Im(freq)                   E_norm
                        0                        1  0.5463909738061908E+002  0.0000000000000000E+000  0.2612584720001217E-004
                        0                        2  0.7161159417668760E+002  0.0000000000000000E+000  0.4145757626996741E-005
                        0                        3  0.8995137617729559E+002  0.0000000000000000E+000  0.1051460977042220E-005
                        0                        4  0.1084723272827932E+003  0.0000000000000000E+000  0.3669705627961111E-006
                        0                        5  0.1267602775916614E+003  0.0000000000000000E+000  0.2002665912613566E-006
                        0                        6  0.1458789494205613E+003  0.0000000000000000E+000  0.1529125025640167E-006
