                                                                                                                                                                                                                                                                
                        1                        2
                   M_star                   R_star
  0.3580560000000000E+034  0.1749094094233053E+013
                        1                        2                        3                        4                        5
                        l                     n_pg                 Re(freq)                 Im(freq)                   E_norm
                        0                        7  0.1113449729351129E+002  0.0000000000000000E+000  0.4006001904026202E-004
                        0                        8  0.1266132433982415E+002  0.0000000000000000E+000  0.3406544507387013E-004
                        0                        9  0.1416884986351593E+002  0.0000000000000000E+000  0.3318053101644385E-004
                        0                       10  0.1572332181711168E+002  0.0000000000000000E+000  0.3350849374157949E-004
                        0                       11  0.1727106292732013E+002  0.0000000000000000E+000  0.3284700070784801E-004
                        0                       12  0.1883186146098538E+002  0.0000000000000000E+000  0.3322162185027036E-004
                        0                       13  0.2039379449372646E+002  0.0000000000000000E+000  0.3306511334914659E-004
                        0                       14  0.2195930765552087E+002  0.0000000000000000E+000  0.3360489881743777E-004
                        0                       15  0.2353017924150814E+002  0.0000000000000000E+000  0.3402452809666716E-004
                        0                       16  0.2510283449602217E+002  0.0000000000000000E+000  0.3462107558273983E-004
                        0                       17  0.2668007678736608E+002  0.0000000000000000E+000  0.3505892112795231E-004
                        0                       18  0.2825533090505374E+002  0.0000000000000000E+000  0.3547500893132432E-004
                        0                       19  0.2983424375059621E+002  0.0000000000000000E+000  0.3623786859209101E-004
                        0                       20  0.3141584463389992E+002  0.0000000000000000E+000  0.3672266388889418E-004
                        0                       21  0.3299631451921885E+002  0.0000000000000000E+000  0.3728245668237340E-004
                        0                       22  0.3457979937696619E+002  0.0000000000000000E+000  0.3789804351916520E-004
                        0                       23  0.3616345543211510E+002  0.0000000000000000E+000  0.3836909396709760E-004
                        0                       24  0.3774754216550738E+002  0.0000000000000000E+000  0.3892739522356487E-004
                        0                       25  0.3933327577502261E+002  0.0000000000000000E+000  0.3944969485520166E-004
                        0                       26  0.4091912733268072E+002  0.0000000000000000E+000  0.3990405317491003E-004
                        0                       27  0.4250578366223066E+002  0.0000000000000000E+000  0.4035339371063851E-004
                        0                       28  0.4409275068673338E+002  0.0000000000000000E+000  0.4074530824668871E-004
                        0                       29  0.4568017191168708E+002  0.0000000000000000E+000  0.4113529187178356E-004
                        0                       30  0.4726796185595190E+002  0.0000000000000000E+000  0.4148637414758623E-004
                        0                       31  0.4885632589042823E+002  0.0000000000000000E+000  0.4179946277266880E-004
                        0                       32  0.5044473672211724E+002  0.0000000000000000E+000  0.4204920367658663E-004
                        0                       33  0.5203340038137674E+002  0.0000000000000000E+000  0.4227739442884644E-004
                        0                       34  0.5362222310286617E+002  0.0000000000000000E+000  0.4247571576738976E-004
                        0                       35  0.5521140019505959E+002  0.0000000000000000E+000  0.4263771003386822E-004
                        0                       36  0.5680061794948868E+002  0.0000000000000000E+000  0.4273816940294626E-004
                        0                       37  0.5839006941082352E+002  0.0000000000000000E+000  0.4281230994315355E-004
                        0                       38  0.5997936263985541E+002  0.0000000000000000E+000  0.4283073365580760E-004
                        0                       39  0.6156887570878948E+002  0.0000000000000000E+000  0.4282928533724794E-004
                        0                       40  0.6315838620535564E+002  0.0000000000000000E+000  0.4277023882752728E-004
                        0                       41  0.6474792396131433E+002  0.0000000000000000E+000  0.4267640431902028E-004
                        0                       42  0.6633735068137402E+002  0.0000000000000000E+000  0.4252644236123840E-004
                        0                       43  0.6792666057570160E+002  0.0000000000000000E+000  0.4238161768637266E-004
                        0                       44  0.6951618696465226E+002  0.0000000000000000E+000  0.4216565339951464E-004
                        0                       45  0.7110531543506096E+002  0.0000000000000000E+000  0.4192411771390174E-004
                        0                       46  0.7269450049541921E+002  0.0000000000000000E+000  0.4168430876392475E-004
                        0                       47  0.7428370412919615E+002  0.0000000000000000E+000  0.4139375095715207E-004
                        0                       48  0.7587274972315397E+002  0.0000000000000000E+000  0.4106049585755382E-004
                        0                       49  0.7746154866009898E+002  0.0000000000000000E+000  0.4072134547337727E-004
                        0                       50  0.7905039777928697E+002  0.0000000000000000E+000  0.4034912610521163E-004
                        0                       51  0.8063914370635106E+002  0.0000000000000000E+000  0.3993497930048413E-004
                        0                       52  0.8222757151384273E+002  0.0000000000000000E+000  0.3951255521079539E-004
                        0                       53  0.8381580319941315E+002  0.0000000000000000E+000  0.3906150441172831E-004
                        0                       54  0.8540400590752718E+002  0.0000000000000000E+000  0.3862401058224520E-004
                        0                       55  0.8699199141586111E+002  0.0000000000000000E+000  0.3812947639073568E-004
                        0                       56  0.8857971883133428E+002  0.0000000000000000E+000  0.3764218831900022E-004
                        0                       57  0.9016721782592506E+002  0.0000000000000000E+000  0.3713519530641153E-004
                        0                       58  0.9175444593126302E+002  0.0000000000000000E+000  0.3664983512054846E-004
                        0                       59  0.9334153750560441E+002  0.0000000000000000E+000  0.3613135088015174E-004
                        0                       60  0.9492854087534262E+002  0.0000000000000000E+000  0.3566165436973623E-004
                        0                       61  0.9651546601671444E+002  0.0000000000000000E+000  0.3515975207300810E-004
                        0                       62  0.9810214713361286E+002  0.0000000000000000E+000  0.3465346767241792E-004
                        0                       63  0.9968848599737767E+002  0.0000000000000000E+000  0.3413966276936988E-004
                        0                       64  0.1012746226883794E+003  0.0000000000000000E+000  0.3364861907103932E-004
                        0                       65  0.1028606230887578E+003  0.0000000000000000E+000  0.3317066215209011E-004
                        0                       66  0.1044465039905093E+003  0.0000000000000000E+000  0.3270399552695018E-004
                        0                       67  0.1060323369345604E+003  0.0000000000000000E+000  0.3223583414200961E-004
                        0                       68  0.1076179183883182E+003  0.0000000000000000E+000  0.3175631927626557E-004
                        0                       69  0.1092033505364699E+003  0.0000000000000000E+000  0.3133054719406504E-004
                        0                       70  0.1107885668918266E+003  0.0000000000000000E+000  0.3087399318637803E-004
                        0                       71  0.1123735176035425E+003  0.0000000000000000E+000  0.3045829699985748E-004
                        0                       72  0.1139583410235560E+003  0.0000000000000000E+000  0.3003597229980350E-004
                        0                       73  0.1155429018546083E+003  0.0000000000000000E+000  0.2966984911998487E-004
                        0                       74  0.1171273143476852E+003  0.0000000000000000E+000  0.2928936272355220E-004
                        0                       75  0.1187116398427042E+003  0.0000000000000000E+000  0.2897258695387596E-004
                        0                       76  0.1202958684313051E+003  0.0000000000000000E+000  0.2864153475081912E-004
                        0                       77  0.1218800336944599E+003  0.0000000000000000E+000  0.2837502865774275E-004
                        0                       78  0.1234641357499228E+003  0.0000000000000000E+000  0.2811384347616971E-004
                        0                       79  0.1250481980432721E+003  0.0000000000000000E+000  0.2787573060373014E-004
                        0                       80  0.1266322616248075E+003  0.0000000000000000E+000  0.2765887967905435E-004
                        0                       81  0.1282162801142229E+003  0.0000000000000000E+000  0.2747237361574823E-004
                        0                       82  0.1298002924009966E+003  0.0000000000000000E+000  0.2729615229121962E-004
                        0                       83  0.1313842346294321E+003  0.0000000000000000E+000  0.2714030772004099E-004
                        0                       84  0.1329682263673018E+003  0.0000000000000000E+000  0.2702992302568517E-004
                        0                       85  0.1345522491784442E+003  0.0000000000000000E+000  0.2692177375348504E-004
                        0                       86  0.1361362543821406E+003  0.0000000000000000E+000  0.2687320857508583E-004
                        0                       87  0.1377203846536526E+003  0.0000000000000000E+000  0.2681347893142164E-004
                        0                       88  0.1393045812420278E+003  0.0000000000000000E+000  0.2679683899317552E-004
                        0                       89  0.1408888547904182E+003  0.0000000000000000E+000  0.2679492703624888E-004
                        0                       90  0.1424732470576520E+003  0.0000000000000000E+000  0.2682689411136806E-004
                        0                       91  0.1440577430990625E+003  0.0000000000000000E+000  0.2685105199151215E-004
                        0                       92  0.1456423929385350E+003  0.0000000000000000E+000  0.2693312032022283E-004
                        0                       93  0.1472271518319427E+003  0.0000000000000000E+000  0.2701516044239334E-004
                        0                       94  0.1488120679751345E+003  0.0000000000000000E+000  0.2712622491695473E-004
