                                                                                                                                                                                                                                                                
                        1                        2
                   M_star                   R_star
  0.1591360000000000E+034  0.2208000949818001E+012
                        1                        2                        3                        4                        5
                        l                     n_pg                 Re(freq)                 Im(freq)                   E_norm
                        0                        1  0.3383223215854913E+002  0.0000000000000000E+000  0.3791597497314268E-001
                        0                        2  0.6173222940713877E+002  0.0000000000000000E+000  0.2232785674591794E-002
                        0                        3  0.8656609804113170E+002  0.0000000000000000E+000  0.3123651903632912E-003
                        0                        4  0.1103812269187216E+003  0.0000000000000000E+000  0.6660892185029136E-004
                        0                        5  0.1335701970162047E+003  0.0000000000000000E+000  0.1534402078778987E-004
