                                                                                                                                                                                                                                                                
                        1                        2
                   M_star                   R_star
  0.1591360000000000E+034  0.2772226032006323E+012
                        1                        2                        3                        4                        5
                        l                     n_pg                 Re(freq)                 Im(freq)                   E_norm
                        0                        1  0.2413988123524583E+002  0.0000000000000000E+000  0.3566125995719182E-001
                        0                        2  0.4383434580379220E+002  0.0000000000000000E+000  0.1892616943652676E-002
                        0                        3  0.6111209414706594E+002  0.0000000000000000E+000  0.2568026521197787E-003
                        0                        4  0.7789527787109256E+002  0.0000000000000000E+000  0.5026596320951932E-004
                        0                        5  0.9357292268608268E+002  0.0000000000000000E+000  0.1114433986874127E-004
                        0                        6  0.1080121930476196E+003  0.0000000000000000E+000  0.4358676603765171E-005
                        0                        7  0.1231496419655604E+003  0.0000000000000000E+000  0.2249640702296498E-005
                        0                        8  0.1379520518931067E+003  0.0000000000000000E+000  0.1248337445207041E-005
