                                                                                                                                                                                                                                                                
                        1                        2
                   M_star                   R_star
  0.2387040000000000E+034  0.2201124709870373E+012
                        1                        2                        3                        4                        5
                        l                     n_pg                 Re(freq)                 Im(freq)                   E_norm
                        0                        1  0.4006963593804701E+002  0.0000000000000000E+000  0.5269844939316227E-001
                        0                        2  0.7480827823247415E+002  0.0000000000000000E+000  0.3560611598162845E-002
                        0                        3  0.1062178251279628E+003  0.0000000000000000E+000  0.5516188979395938E-003
                        0                        4  0.1358346648632062E+003  0.0000000000000000E+000  0.1276670552385039E-003
