                                                                                                                                                                                                                                                                
                        1                        2
                   M_star                   R_star
  0.2784880000000000E+034  0.2780212756646106E+012
                        1                        2                        3                        4                        5
                        l                     n_pg                 Re(freq)                 Im(freq)                   E_norm
                        0                        1  0.5319494338174572E+002  0.0000000000000000E+000  0.1442204025113467E-004
                        0                        2  0.6828347103473510E+002  0.0000000000000000E+000  0.1969624781947626E-005
                        0                        3  0.8458317782594513E+002  0.0000000000000000E+000  0.4821476884380410E-006
                        0                        4  0.1008961729613373E+003  0.0000000000000000E+000  0.1720181539882571E-006
                        0                        5  0.1172993960301555E+003  0.0000000000000000E+000  0.1027740427245382E-006
                        0                        6  0.1347752168255133E+003  0.0000000000000000E+000  0.8306863043153368E-007
