                                                                                                                                                                                                                                                                
                        1                        2
                   M_star                   R_star
  0.2784880000000000E+034  0.2201325478655032E+012
                        1                        2                        3                        4                        5
                        l                     n_pg                 Re(freq)                 Im(freq)                   E_norm
                        0                        1  0.7668587449999359E+002  0.0000000000000000E+000  0.1483425461426433E-004
                        0                        2  0.9782369884482794E+002  0.0000000000000000E+000  0.1626672364225617E-005
                        0                        3  0.1208576408014460E+003  0.0000000000000000E+000  0.3511950882476799E-006
                        0                        4  0.1444971906777274E+003  0.0000000000000000E+000  0.9923606299481413E-007
