                                                                                                                                                                                                                                                                
                        1                        2
                   M_star                   R_star
  0.1591360000000000E+034  0.1389036953176194E+013
                        1                        2                        3                        4                        5
                        l                     n_pg                 Re(freq)                 Im(freq)                   E_norm
                        0                        7  0.1041944186726277E+002  0.0000000000000000E+000  0.3976167068886779E-004
                        0                        8  0.1186721433021046E+002  0.0000000000000000E+000  0.3815638025466155E-004
                        0                        9  0.1333932692476207E+002  0.0000000000000000E+000  0.3900361711497859E-004
                        0                       10  0.1481864002175182E+002  0.0000000000000000E+000  0.3956315345747647E-004
                        0                       11  0.1630816248023199E+002  0.0000000000000000E+000  0.4023437956516374E-004
                        0                       12  0.1780071719632885E+002  0.0000000000000000E+000  0.4117053477834500E-004
                        0                       13  0.1929837526343700E+002  0.0000000000000000E+000  0.4178517763215960E-004
                        0                       14  0.2080152198307163E+002  0.0000000000000000E+000  0.4251613005421262E-004
                        0                       15  0.2230398388129631E+002  0.0000000000000000E+000  0.4296822077940979E-004
                        0                       16  0.2381209927663014E+002  0.0000000000000000E+000  0.4335005749959132E-004
                        0                       17  0.2531907493940523E+002  0.0000000000000000E+000  0.4348615689792933E-004
                        0                       18  0.2682951592117590E+002  0.0000000000000000E+000  0.4347310242336187E-004
                        0                       19  0.2833925895746545E+002  0.0000000000000000E+000  0.4324110879197124E-004
                        0                       20  0.2985084205038248E+002  0.0000000000000000E+000  0.4283779532371448E-004
                        0                       21  0.3136217125627481E+002  0.0000000000000000E+000  0.4225202002571230E-004
                        0                       22  0.3287396318632511E+002  0.0000000000000000E+000  0.4148988824716672E-004
                        0                       23  0.3438561810957986E+002  0.0000000000000000E+000  0.4060437987852123E-004
                        0                       24  0.3589726219947705E+002  0.0000000000000000E+000  0.3956286182970604E-004
                        0                       25  0.3740842289894011E+002  0.0000000000000000E+000  0.3842619194240391E-004
                        0                       26  0.3891909681802934E+002  0.0000000000000000E+000  0.3720426977295820E-004
                        0                       27  0.4042924048851209E+002  0.0000000000000000E+000  0.3590953164438707E-004
                        0                       28  0.4193835206543115E+002  0.0000000000000000E+000  0.3458285853128327E-004
                        0                       29  0.4344670228518092E+002  0.0000000000000000E+000  0.3324498509124527E-004
                        0                       30  0.4495402017879744E+002  0.0000000000000000E+000  0.3192335172013603E-004
                        0                       31  0.4646012755653496E+002  0.0000000000000000E+000  0.3064420697336251E-004
                        0                       32  0.4796516862041098E+002  0.0000000000000000E+000  0.2943439167762733E-004
                        0                       33  0.4946923765881212E+002  0.0000000000000000E+000  0.2829587373825955E-004
                        0                       34  0.5097191156381287E+002  0.0000000000000000E+000  0.2725629755855924E-004
                        0                       35  0.5247366118388740E+002  0.0000000000000000E+000  0.2632531584155223E-004
                        0                       36  0.5397444146723403E+002  0.0000000000000000E+000  0.2550678694989868E-004
                        0                       37  0.5547412811894175E+002  0.0000000000000000E+000  0.2483876942517869E-004
                        0                       38  0.5697335974910769E+002  0.0000000000000000E+000  0.2429165879699982E-004
                        0                       39  0.5847190122146295E+002  0.0000000000000000E+000  0.2389991343369722E-004
                        0                       40  0.5997036727912128E+002  0.0000000000000000E+000  0.2364162144090782E-004
                        0                       41  0.6146875372483553E+002  0.0000000000000000E+000  0.2353195469427874E-004
                        0                       42  0.6296771597869449E+002  0.0000000000000000E+000  0.2355297575158931E-004
                        0                       43  0.6446686359001531E+002  0.0000000000000000E+000  0.2368682082917370E-004
                        0                       44  0.6596674892758402E+002  0.0000000000000000E+000  0.2395149630913744E-004
                        0                       45  0.6746759370104171E+002  0.0000000000000000E+000  0.2430865083818298E-004
                        0                       46  0.6896919611335062E+002  0.0000000000000000E+000  0.2475340337355164E-004
                        0                       47  0.7047177597612790E+002  0.0000000000000000E+000  0.2528978157814754E-004
                        0                       48  0.7197560267146426E+002  0.0000000000000000E+000  0.2591623383238204E-004
                        0                       49  0.7348085819552007E+002  0.0000000000000000E+000  0.2657068673492256E-004
                        0                       50  0.7498703143988848E+002  0.0000000000000000E+000  0.2722773159883689E-004
                        0                       51  0.7649405035875172E+002  0.0000000000000000E+000  0.2791777580674524E-004
                        0                       52  0.7800219445936479E+002  0.0000000000000000E+000  0.2862258479788675E-004
                        0                       53  0.7951150658646191E+002  0.0000000000000000E+000  0.2930508504416664E-004
                        0                       54  0.8102159719316056E+002  0.0000000000000000E+000  0.2992992137632315E-004
                        0                       55  0.8253230771213809E+002  0.0000000000000000E+000  0.3049657455229718E-004
                        0                       56  0.8404346626360785E+002  0.0000000000000000E+000  0.3099669602282416E-004
                        0                       57  0.8555502851670121E+002  0.0000000000000000E+000  0.3144537088256094E-004
                        0                       58  0.8706706264852524E+002  0.0000000000000000E+000  0.3183183898805942E-004
                        0                       59  0.8857945909061650E+002  0.0000000000000000E+000  0.3215084311312415E-004
                        0                       60  0.9009222355715801E+002  0.0000000000000000E+000  0.3239141121731215E-004
                        0                       61  0.9160517401550524E+002  0.0000000000000000E+000  0.3253413402898192E-004
                        0                       62  0.9311819080713701E+002  0.0000000000000000E+000  0.3258402328098354E-004
                        0                       63  0.9463116944544988E+002  0.0000000000000000E+000  0.3254187109604310E-004
                        0                       64  0.9614402317113903E+002  0.0000000000000000E+000  0.3242037199410250E-004
                        0                       65  0.9765663486533354E+002  0.0000000000000000E+000  0.3221993595199736E-004
                        0                       66  0.9916896734001493E+002  0.0000000000000000E+000  0.3195684369279654E-004
                        0                       67  0.1006809316016252E+003  0.0000000000000000E+000  0.3162036265871071E-004
                        0                       68  0.1021925859027943E+003  0.0000000000000000E+000  0.3123586596531020E-004
                        0                       69  0.1037038168893335E+003  0.0000000000000000E+000  0.3081182153396117E-004
                        0                       70  0.1052145470728931E+003  0.0000000000000000E+000  0.3034825621966220E-004
                        0                       71  0.1067247521276281E+003  0.0000000000000000E+000  0.2987601688510950E-004
                        0                       72  0.1082343325604782E+003  0.0000000000000000E+000  0.2937982175528902E-004
                        0                       73  0.1097433844440601E+003  0.0000000000000000E+000  0.2888900360787577E-004
                        0                       74  0.1112518473097241E+003  0.0000000000000000E+000  0.2840750942129918E-004
                        0                       75  0.1127597703486746E+003  0.0000000000000000E+000  0.2794898555543864E-004
                        0                       76  0.1142671390279657E+003  0.0000000000000000E+000  0.2752047530754140E-004
                        0                       77  0.1157740559302569E+003  0.0000000000000000E+000  0.2713121677840446E-004
                        0                       78  0.1172804643315720E+003  0.0000000000000000E+000  0.2676934952281319E-004
                        0                       79  0.1187865254944643E+003  0.0000000000000000E+000  0.2646158940855643E-004
                        0                       80  0.1202922016971625E+003  0.0000000000000000E+000  0.2620690747450709E-004
                        0                       81  0.1217976941123754E+003  0.0000000000000000E+000  0.2600462094891281E-004
                        0                       82  0.1233029707279811E+003  0.0000000000000000E+000  0.2587951767694478E-004
                        0                       83  0.1248082178640196E+003  0.0000000000000000E+000  0.2579590001982029E-004
                        0                       84  0.1263134955532779E+003  0.0000000000000000E+000  0.2577839788014168E-004
                        0                       85  0.1278188699130281E+003  0.0000000000000000E+000  0.2581446752987369E-004
                        0                       86  0.1293243947433429E+003  0.0000000000000000E+000  0.2590247120945083E-004
                        0                       87  0.1308301768828507E+003  0.0000000000000000E+000  0.2605119430966078E-004
                        0                       88  0.1323362670725145E+003  0.0000000000000000E+000  0.2624553929087308E-004
                        0                       89  0.1338427437884205E+003  0.0000000000000000E+000  0.2646705359407785E-004
                        0                       90  0.1353496282683517E+003  0.0000000000000000E+000  0.2673451531809258E-004
                        0                       91  0.1368569966133064E+003  0.0000000000000000E+000  0.2702711939605853E-004
                        0                       92  0.1383648627477547E+003  0.0000000000000000E+000  0.2733864501794666E-004
                        0                       93  0.1398732053645189E+003  0.0000000000000000E+000  0.2768022130935927E-004
                        0                       94  0.1413820171524193E+003  0.0000000000000000E+000  0.2799698404138150E-004
                        0                       95  0.1428912133191968E+003  0.0000000000000000E+000  0.2832108824764157E-004
                        0                       96  0.1444008407486154E+003  0.0000000000000000E+000  0.2863478700788548E-004
                        0                       97  0.1459108340305974E+003  0.0000000000000000E+000  0.2892557496862429E-004
                        0                       98  0.1474212066077492E+003  0.0000000000000000E+000  0.2922102266178402E-004
                        0                       99  0.1489319008201739E+003  0.0000000000000000E+000  0.2947855093864218E-004
