                                                                                                                                                                                                                                                                
                        1                        2
                   M_star                   R_star
  0.1989200000000000E+034  0.2201280402815234E+013
                        1                        2                        3                        4                        5
                        l                     n_pg                 Re(freq)                 Im(freq)                   E_norm
                        0                       12  0.1017612381261533E+002  0.0000000000000000E+000  0.1274905411383524E-003
                        0                       13  0.1103685207078403E+002  0.0000000000000000E+000  0.1306528959850876E-003
                        0                       14  0.1190157895421506E+002  0.0000000000000000E+000  0.1324546327211560E-003
                        0                       15  0.1276612899891355E+002  0.0000000000000000E+000  0.1351086503405679E-003
                        0                       16  0.1363222713707178E+002  0.0000000000000000E+000  0.1360203552678339E-003
                        0                       17  0.1449894018720473E+002  0.0000000000000000E+000  0.1372536109554938E-003
                        0                       18  0.1536603358113035E+002  0.0000000000000000E+000  0.1371883672327739E-003
                        0                       19  0.1623393862098589E+002  0.0000000000000000E+000  0.1370389017985098E-003
                        0                       20  0.1710171165334589E+002  0.0000000000000000E+000  0.1358901040113874E-003
                        0                       21  0.1796989342259300E+002  0.0000000000000000E+000  0.1343216516195192E-003
                        0                       22  0.1883794775248599E+002  0.0000000000000000E+000  0.1321847402437487E-003
                        0                       23  0.1970605335579167E+002  0.0000000000000000E+000  0.1294799860031130E-003
                        0                       24  0.2057382084397689E+002  0.0000000000000000E+000  0.1264310543331492E-003
                        0                       25  0.2144148801036987E+002  0.0000000000000000E+000  0.1229921132912432E-003
                        0                       26  0.2230883630967966E+002  0.0000000000000000E+000  0.1192591581168142E-003
                        0                       27  0.2317562319277244E+002  0.0000000000000000E+000  0.1152933040055364E-003
                        0                       28  0.2404213013876161E+002  0.0000000000000000E+000  0.1111840268982535E-003
                        0                       29  0.2490791176338465E+002  0.0000000000000000E+000  0.1070265863827722E-003
                        0                       30  0.2577316371859806E+002  0.0000000000000000E+000  0.1029170999900100E-003
                        0                       31  0.2663777663198556E+002  0.0000000000000000E+000  0.9888613405286907E-004
                        0                       32  0.2750177622987613E+002  0.0000000000000000E+000  0.9505835815872922E-004
                        0                       33  0.2836508186509871E+002  0.0000000000000000E+000  0.9141273423558674E-004
                        0                       34  0.2922768460701528E+002  0.0000000000000000E+000  0.8805581907639792E-004
                        0                       35  0.3008973800880497E+002  0.0000000000000000E+000  0.8503988834959954E-004
                        0                       36  0.3095094432213206E+002  0.0000000000000000E+000  0.8239476332457385E-004
                        0                       37  0.3181188610068616E+002  0.0000000000000000E+000  0.8017149236842411E-004
                        0                       38  0.3267224463791352E+002  0.0000000000000000E+000  0.7839223704494958E-004
                        0                       39  0.3353247612499604E+002  0.0000000000000000E+000  0.7704088917846505E-004
                        0                       40  0.3439244714460481E+002  0.0000000000000000E+000  0.7605645235914795E-004
                        0                       41  0.3525225985519329E+002  0.0000000000000000E+000  0.7552956411757199E-004
                        0                       42  0.3611214411284475E+002  0.0000000000000000E+000  0.7545788108765681E-004
                        0                       43  0.3697231622225021E+002  0.0000000000000000E+000  0.7579414495351146E-004
                        0                       44  0.3783280410342376E+002  0.0000000000000000E+000  0.7646625842534302E-004
                        0                       45  0.3869352555156566E+002  0.0000000000000000E+000  0.7755724037738652E-004
                        0                       46  0.3955497831935151E+002  0.0000000000000000E+000  0.7903002940935185E-004
                        0                       47  0.4041717520526295E+002  0.0000000000000000E+000  0.8070858417797546E-004
                        0                       48  0.4127993886644585E+002  0.0000000000000000E+000  0.8254298463750945E-004
                        0                       49  0.4214325209889864E+002  0.0000000000000000E+000  0.8449481813817828E-004
                        0                       50  0.4300712882036735E+002  0.0000000000000000E+000  0.8656597720392043E-004
                        0                       51  0.4387149412065225E+002  0.0000000000000000E+000  0.8872589284872912E-004
                        0                       52  0.4473645681363162E+002  0.0000000000000000E+000  0.9094805497915874E-004
                        0                       53  0.4560200188055849E+002  0.0000000000000000E+000  0.9312878988472282E-004
                        0                       54  0.4646803227443892E+002  0.0000000000000000E+000  0.9522300668270057E-004
                        0                       55  0.4733449545222884E+002  0.0000000000000000E+000  0.9717949853051098E-004
                        0                       56  0.4820132040563917E+002  0.0000000000000000E+000  0.9898790080866711E-004
                        0                       57  0.4906842280590899E+002  0.0000000000000000E+000  0.1005799747028994E-003
                        0                       58  0.4993580876752181E+002  0.0000000000000000E+000  0.1019705663150962E-003
                        0                       59  0.5080342880378082E+002  0.0000000000000000E+000  0.1031261467983598E-003
                        0                       60  0.5167120868020845E+002  0.0000000000000000E+000  0.1039866786938763E-003
                        0                       61  0.5253908840096565E+002  0.0000000000000000E+000  0.1045924626800169E-003
                        0                       62  0.5340702168449165E+002  0.0000000000000000E+000  0.1049324504260847E-003
                        0                       63  0.5427492667152573E+002  0.0000000000000000E+000  0.1049775649103193E-003
                        0                       64  0.5514282587561666E+002  0.0000000000000000E+000  0.1047682914463059E-003
                        0                       65  0.5601062780747694E+002  0.0000000000000000E+000  0.1042975381516603E-003
                        0                       66  0.5687831178639210E+002  0.0000000000000000E+000  0.1035893086428611E-003
                        0                       67  0.5774584694812526E+002  0.0000000000000000E+000  0.1027134824957790E-003
                        0                       68  0.5861316431580152E+002  0.0000000000000000E+000  0.1016122998732301E-003
                        0                       69  0.5948026580689027E+002  0.0000000000000000E+000  0.1003547552064503E-003
                        0                       70  0.6034711279922501E+002  0.0000000000000000E+000  0.9898385879459070E-004
                        0                       71  0.6121365313411291E+002  0.0000000000000000E+000  0.9750614529046534E-004
                        0                       72  0.6207991780966260E+002  0.0000000000000000E+000  0.9597258490057597E-004
                        0                       73  0.6294583772598384E+002  0.0000000000000000E+000  0.9443867958699450E-004
                        0                       74  0.6381143590277661E+002  0.0000000000000000E+000  0.9287591801477610E-004
                        0                       75  0.6467675279883733E+002  0.0000000000000000E+000  0.9137017523132418E-004
                        0                       76  0.6554175048594298E+002  0.0000000000000000E+000  0.8990448707599992E-004
                        0                       77  0.6640644779912584E+002  0.0000000000000000E+000  0.8852627380703835E-004
                        0                       78  0.6727082446366501E+002  0.0000000000000000E+000  0.8728456662196807E-004
                        0                       79  0.6813494181267950E+002  0.0000000000000000E+000  0.8618073365504982E-004
                        0                       80  0.6899887480621605E+002  0.0000000000000000E+000  0.8523503644933580E-004
                        0                       81  0.6986263738542154E+002  0.0000000000000000E+000  0.8446453366075047E-004
                        0                       82  0.7072625599132722E+002  0.0000000000000000E+000  0.8384326994817548E-004
                        0                       83  0.7158980664779395E+002  0.0000000000000000E+000  0.8342679726580592E-004
                        0                       84  0.7245326912189249E+002  0.0000000000000000E+000  0.8318851682471320E-004
                        0                       85  0.7331674898907178E+002  0.0000000000000000E+000  0.8312131187086073E-004
                        0                       86  0.7418029778638110E+002  0.0000000000000000E+000  0.8324760270107660E-004
                        0                       87  0.7504389835061397E+002  0.0000000000000000E+000  0.8352156628301943E-004
                        0                       88  0.7590770392676720E+002  0.0000000000000000E+000  0.8396798200884379E-004
                        0                       89  0.7677164236124365E+002  0.0000000000000000E+000  0.8456992701035542E-004
                        0                       90  0.7763578903282821E+002  0.0000000000000000E+000  0.8527161441647152E-004
                        0                       91  0.7850017978058156E+002  0.0000000000000000E+000  0.8612106527385700E-004
                        0                       92  0.7936478268881547E+002  0.0000000000000000E+000  0.8700943296964165E-004
                        0                       93  0.8022964520100945E+002  0.0000000000000000E+000  0.8797405993405224E-004
                        0                       94  0.8109476813337271E+002  0.0000000000000000E+000  0.8900514144768041E-004
                        0                       95  0.8196011095965190E+002  0.0000000000000000E+000  0.9003414515085108E-004
                        0                       96  0.8282572277833570E+002  0.0000000000000000E+000  0.9108001351304374E-004
                        0                       97  0.8369158733022067E+002  0.0000000000000000E+000  0.9209841117129994E-004
                        0                       98  0.8455761257492999E+002  0.0000000000000000E+000  0.9305009624771268E-004
                        0                       99  0.8542391183091524E+002  0.0000000000000000E+000  0.9396119980642247E-004
                        0                      100  0.8629030122318133E+002  0.0000000000000000E+000  0.9477286813427597E-004
                        0                      101  0.8715688904035324E+002  0.0000000000000000E+000  0.9552992002277564E-004
                        0                      102  0.8802357307341036E+002  0.0000000000000000E+000  0.9614888973179753E-004
                        0                      103  0.8889037992516479E+002  0.0000000000000000E+000  0.9663074216122705E-004
                        0                      104  0.8975724472767232E+002  0.0000000000000000E+000  0.9704842000090123E-004
                        0                      105  0.9062419351993258E+002  0.0000000000000000E+000  0.9727691687528519E-004
                        0                      106  0.9149111336824632E+002  0.0000000000000000E+000  0.9743339657836104E-004
                        0                      107  0.9235807815168464E+002  0.0000000000000000E+000  0.9745291389721191E-004
                        0                      108  0.9322499383878402E+002  0.0000000000000000E+000  0.9732381366667264E-004
                        0                      109  0.9409186160340646E+002  0.0000000000000000E+000  0.9708311093553018E-004
                        0                      110  0.9495868379175450E+002  0.0000000000000000E+000  0.9673856130932120E-004
                        0                      111  0.9582538239961316E+002  0.0000000000000000E+000  0.9632058625008522E-004
                        0                      112  0.9669199850273770E+002  0.0000000000000000E+000  0.9580755685697367E-004
                        0                      113  0.9755847986137266E+002  0.0000000000000000E+000  0.9518339906318724E-004
                        0                      114  0.9842483177614520E+002  0.0000000000000000E+000  0.9456428691403437E-004
                        0                      115  0.9929101941445559E+002  0.0000000000000000E+000  0.9385041646893642E-004
                        0                      116  0.1001571215029241E+003  0.0000000000000000E+000  0.9313776877359006E-004
                        0                      117  0.1010229963581870E+003  0.0000000000000000E+000  0.9244510542766566E-004
                        0                      118  0.1018887860207218E+003  0.0000000000000000E+000  0.9169050981403720E-004
                        0                      119  0.1027543777159093E+003  0.0000000000000000E+000  0.9093570987308196E-004
                        0                      120  0.1036198141723040E+003  0.0000000000000000E+000  0.9026152633435127E-004
                        0                      121  0.1044851248834662E+003  0.0000000000000000E+000  0.8971237865357350E-004
                        0                      122  0.1053502972563983E+003  0.0000000000000000E+000  0.8905744269284385E-004
                        0                      123  0.1062153540784854E+003  0.0000000000000000E+000  0.8845329883889212E-004
                        0                      124  0.1070803437422480E+003  0.0000000000000000E+000  0.8807294709513944E-004
                        0                      125  0.1079452169446484E+003  0.0000000000000000E+000  0.8772707225533553E-004
                        0                      126  0.1088100207169188E+003  0.0000000000000000E+000  0.8742604100666605E-004
                        0                      127  0.1096748483357877E+003  0.0000000000000000E+000  0.8719974342914720E-004
                        0                      128  0.1105395683254758E+003  0.0000000000000000E+000  0.8704005630656775E-004
                        0                      129  0.1114043686893625E+003  0.0000000000000000E+000  0.8709653078868584E-004
                        0                      130  0.1122691487020759E+003  0.0000000000000000E+000  0.8716270440147129E-004
                        0                      131  0.1131339828015962E+003  0.0000000000000000E+000  0.8723742107122921E-004
                        0                      132  0.1139988865665175E+003  0.0000000000000000E+000  0.8750554460803546E-004
                        0                      133  0.1148638656730173E+003  0.0000000000000000E+000  0.8779768789741377E-004
                        0                      134  0.1157289069904949E+003  0.0000000000000000E+000  0.8813389924893998E-004
                        0                      135  0.1165941005765341E+003  0.0000000000000000E+000  0.8855752404193937E-004
                        0                      136  0.1174593837897563E+003  0.0000000000000000E+000  0.8904950724069497E-004
                        0                      137  0.1183247883637533E+003  0.0000000000000000E+000  0.8949989523907980E-004
                        0                      138  0.1191903668540404E+003  0.0000000000000000E+000  0.8999595418023948E-004
                        0                      139  0.1200559931151013E+003  0.0000000000000000E+000  0.9054492564722389E-004
                        0                      140  0.1209218108020616E+003  0.0000000000000000E+000  0.9106178951075835E-004
                        0                      141  0.1217876949494213E+003  0.0000000000000000E+000  0.9154168436867398E-004
                        0                      142  0.1226537176986211E+003  0.0000000000000000E+000  0.9204703229315697E-004
                        0                      143  0.1235198301351171E+003  0.0000000000000000E+000  0.9249596743870261E-004
                        0                      144  0.1243860613714015E+003  0.0000000000000000E+000  0.9289191168837437E-004
                        0                      145  0.1252523075229202E+003  0.0000000000000000E+000  0.9328097021464852E-004
                        0                      146  0.1261186899824439E+003  0.0000000000000000E+000  0.9363412889396094E-004
                        0                      147  0.1269850716423493E+003  0.0000000000000000E+000  0.9386758955936205E-004
                        0                      148  0.1278515234869028E+003  0.0000000000000000E+000  0.9406706364888164E-004
                        0                      149  0.1287180182106009E+003  0.0000000000000000E+000  0.9425377148832978E-004
                        0                      150  0.1295844941202293E+003  0.0000000000000000E+000  0.9430535546444018E-004
                        0                      151  0.1304510200177307E+003  0.0000000000000000E+000  0.9434339089318261E-004
                        0                      152  0.1313175073138004E+003  0.0000000000000000E+000  0.9432349948468877E-004
                        0                      153  0.1321839928009762E+003  0.0000000000000000E+000  0.9421075813195382E-004
                        0                      154  0.1330504414723883E+003  0.0000000000000000E+000  0.9406715096415045E-004
                        0                      155  0.1339168845729157E+003  0.0000000000000000E+000  0.9388495608621721E-004
                        0                      156  0.1347832163852875E+003  0.0000000000000000E+000  0.9368163885614434E-004
                        0                      157  0.1356495701004223E+003  0.0000000000000000E+000  0.9337524962940328E-004
                        0                      158  0.1365157972158182E+003  0.0000000000000000E+000  0.9306967576177989E-004
                        0                      159  0.1373820120916039E+003  0.0000000000000000E+000  0.9275549183987834E-004
                        0                      160  0.1382481421547793E+003  0.0000000000000000E+000  0.9236639354198340E-004
                        0                      161  0.1391141949546187E+003  0.0000000000000000E+000  0.9202607700946313E-004
                        0                      162  0.1399801799952250E+003  0.0000000000000000E+000  0.9167415615538476E-004
                        0                      163  0.1408460911462553E+003  0.0000000000000000E+000  0.9124653355810158E-004
                        0                      164  0.1417119106497855E+003  0.0000000000000000E+000  0.9091996508412254E-004
                        0                      165  0.1425776603294650E+003  0.0000000000000000E+000  0.9057407176606678E-004
                        0                      166  0.1434433692236934E+003  0.0000000000000000E+000  0.9027287378671415E-004
                        0                      167  0.1443089704410813E+003  0.0000000000000000E+000  0.9000127898937637E-004
                        0                      168  0.1451745882515123E+003  0.0000000000000000E+000  0.8971709733947893E-004
                        0                      169  0.1460401011798298E+003  0.0000000000000000E+000  0.8951678167155476E-004
                        0                      170  0.1469056333911602E+003  0.0000000000000000E+000  0.8931482058999625E-004
                        0                      171  0.1477711182164188E+003  0.0000000000000000E+000  0.8923354085857694E-004
                        0                      172  0.1486366019377615E+003  0.0000000000000000E+000  0.8918639777016202E-004
                        0                      173  0.1495020696975607E+003  0.0000000000000000E+000  0.8909398567539108E-004
