                                                                                                                                                                                                                                                                
                        1                        2
                   M_star                   R_star
  0.3580560000000000E+034  0.3488488337602908E+012
                        1                        2                        3                        4                        5
                        l                     n_pg                 Re(freq)                 Im(freq)                   E_norm
                        0                        1  0.2321021882711506E+002  0.0000000000000000E+000  0.7589320570625818E-001
                        0                        2  0.4490762889000422E+002  0.0000000000000000E+000  0.4803607448774788E-002
                        0                        3  0.6421437845328636E+002  0.0000000000000000E+000  0.7381847944809165E-003
                        0                        4  0.8243733979329321E+002  0.0000000000000000E+000  0.1654457798679730E-003
                        0                        5  0.1002075248212690E+003  0.0000000000000000E+000  0.4421773538202669E-004
                        0                        6  0.1173222188243762E+003  0.0000000000000000E+000  0.1234541273356707E-004
                        0                        7  0.1332553601950163E+003  0.0000000000000000E+000  0.4379966866772678E-005
                        0                        8  0.1489530054409205E+003  0.0000000000000000E+000  0.2269164449264014E-005
