                                                                                                                                                                                                                                                                
                        1                        2
                   M_star                   R_star
  0.2784880000000000E+034  0.1389209328279205E+013
                        1                        2                        3                        4                        5
                        l                     n_pg                 Re(freq)                 Im(freq)                   E_norm
                        0                        5  0.1016129223385672E+002  0.0000000000000000E+000  0.2745400643822217E-004
                        0                        6  0.1187092695877594E+002  0.0000000000000000E+000  0.2387565077383363E-004
                        0                        7  0.1374261464478195E+002  0.0000000000000000E+000  0.2019368982445675E-004
                        0                        8  0.1555266935445477E+002  0.0000000000000000E+000  0.1880293353116251E-004
                        0                        9  0.1744156863421083E+002  0.0000000000000000E+000  0.1890988824598966E-004
                        0                       10  0.1932956952732693E+002  0.0000000000000000E+000  0.1831556039262942E-004
                        0                       11  0.2122872261447388E+002  0.0000000000000000E+000  0.1845069228025650E-004
                        0                       12  0.2313846690757311E+002  0.0000000000000000E+000  0.1859331304521538E-004
                        0                       13  0.2505833213621362E+002  0.0000000000000000E+000  0.1891070877919003E-004
                        0                       14  0.2698117289696628E+002  0.0000000000000000E+000  0.1908193511211649E-004
                        0                       15  0.2891014091282183E+002  0.0000000000000000E+000  0.1944043829915440E-004
                        0                       16  0.3084246309497055E+002  0.0000000000000000E+000  0.1965244441916327E-004
                        0                       17  0.3277768108656089E+002  0.0000000000000000E+000  0.1999396008883124E-004
                        0                       18  0.3471765593597475E+002  0.0000000000000000E+000  0.2018604807562560E-004
                        0                       19  0.3665670863475410E+002  0.0000000000000000E+000  0.2039072387543346E-004
                        0                       20  0.3860049552823365E+002  0.0000000000000000E+000  0.2059231569990327E-004
                        0                       21  0.4054442325945741E+002  0.0000000000000000E+000  0.2067585023438701E-004
                        0                       22  0.4248985592746561E+002  0.0000000000000000E+000  0.2077601999964027E-004
                        0                       23  0.4443700308962475E+002  0.0000000000000000E+000  0.2079040023739720E-004
                        0                       24  0.4638437300379475E+002  0.0000000000000000E+000  0.2075813680405888E-004
                        0                       25  0.4833292208032073E+002  0.0000000000000000E+000  0.2068366367856936E-004
                        0                       26  0.5028176738204490E+002  0.0000000000000000E+000  0.2054947750155787E-004
                        0                       27  0.5223129646665192E+002  0.0000000000000000E+000  0.2037539800809930E-004
                        0                       28  0.5418097117176553E+002  0.0000000000000000E+000  0.2013515559315119E-004
                        0                       29  0.5613071694843249E+002  0.0000000000000000E+000  0.1986930553196851E-004
                        0                       30  0.5808059346215651E+002  0.0000000000000000E+000  0.1955427147419928E-004
                        0                       31  0.6003056362588060E+002  0.0000000000000000E+000  0.1921089786876902E-004
                        0                       32  0.6198018339554105E+002  0.0000000000000000E+000  0.1882176824300521E-004
                        0                       33  0.6392970052401927E+002  0.0000000000000000E+000  0.1841523606541747E-004
                        0                       34  0.6587883658974779E+002  0.0000000000000000E+000  0.1798299995246202E-004
                        0                       35  0.6782771493744843E+002  0.0000000000000000E+000  0.1752787104292540E-004
                        0                       36  0.6977597041221233E+002  0.0000000000000000E+000  0.1706283011526628E-004
                        0                       37  0.7172376559815325E+002  0.0000000000000000E+000  0.1658558583575276E-004
                        0                       38  0.7367084481754360E+002  0.0000000000000000E+000  0.1611300614506627E-004
                        0                       39  0.7561738783633398E+002  0.0000000000000000E+000  0.1563226323532775E-004
                        0                       40  0.7756304007282097E+002  0.0000000000000000E+000  0.1516590841391068E-004
                        0                       41  0.7950788437882629E+002  0.0000000000000000E+000  0.1470346699868398E-004
                        0                       42  0.8145194248401326E+002  0.0000000000000000E+000  0.1427257275032740E-004
                        0                       43  0.8339544217832368E+002  0.0000000000000000E+000  0.1384722512710090E-004
                        0                       44  0.8533772497878617E+002  0.0000000000000000E+000  0.1345302124246896E-004
                        0                       45  0.8727945516508771E+002  0.0000000000000000E+000  0.1308657562915369E-004
                        0                       46  0.8922054219719207E+002  0.0000000000000000E+000  0.1274758106860002E-004
                        0                       47  0.9116059677339562E+002  0.0000000000000000E+000  0.1243862187207300E-004
                        0                       48  0.9310029481383386E+002  0.0000000000000000E+000  0.1216930407392439E-004
                        0                       49  0.9503932702897397E+002  0.0000000000000000E+000  0.1193163557585041E-004
                        0                       50  0.9697778203038406E+002  0.0000000000000000E+000  0.1173226126767164E-004
                        0                       51  0.9891606530908255E+002  0.0000000000000000E+000  0.1157498911823238E-004
                        0                       52  0.1008540559414942E+003  0.0000000000000000E+000  0.1144765312421172E-004
                        0                       53  0.1027917171156598E+003  0.0000000000000000E+000  0.1136546406044475E-004
                        0                       54  0.1047295364416001E+003  0.0000000000000000E+000  0.1132324919839997E-004
                        0                       55  0.1066676679378244E+003  0.0000000000000000E+000  0.1132170680910955E-004
                        0                       56  0.1086060539756706E+003  0.0000000000000000E+000  0.1134737457944406E-004
                        0                       57  0.1105448825913245E+003  0.0000000000000000E+000  0.1141137947050877E-004
                        0                       58  0.1124841372463345E+003  0.0000000000000000E+000  0.1150292009854555E-004
                        0                       59  0.1144241287295639E+003  0.0000000000000000E+000  0.1163161322612948E-004
                        0                       60  0.1163649878632285E+003  0.0000000000000000E+000  0.1177948905981916E-004
                        0                       61  0.1183065708431658E+003  0.0000000000000000E+000  0.1194582321932964E-004
                        0                       62  0.1202486451223410E+003  0.0000000000000000E+000  0.1212698894310867E-004
                        0                       63  0.1221914103618349E+003  0.0000000000000000E+000  0.1233407317822358E-004
                        0                       64  0.1241350259216219E+003  0.0000000000000000E+000  0.1256276469865946E-004
                        0                       65  0.1260797930963437E+003  0.0000000000000000E+000  0.1280349594115705E-004
                        0                       66  0.1280254173753860E+003  0.0000000000000000E+000  0.1304749824214833E-004
                        0                       67  0.1299716526402262E+003  0.0000000000000000E+000  0.1328923613146839E-004
                        0                       68  0.1319185882945304E+003  0.0000000000000000E+000  0.1353651910781293E-004
                        0                       69  0.1338661060840546E+003  0.0000000000000000E+000  0.1378080552648876E-004
                        0                       70  0.1358143385780823E+003  0.0000000000000000E+000  0.1402842170660984E-004
                        0                       71  0.1377632966712134E+003  0.0000000000000000E+000  0.1426773516450354E-004
                        0                       72  0.1397129235892693E+003  0.0000000000000000E+000  0.1450141327637356E-004
                        0                       73  0.1416631620022842E+003  0.0000000000000000E+000  0.1471174982068006E-004
                        0                       74  0.1436138746258250E+003  0.0000000000000000E+000  0.1490931884495394E-004
                        0                       75  0.1455649750138629E+003  0.0000000000000000E+000  0.1507536093074728E-004
                        0                       76  0.1475164295318155E+003  0.0000000000000000E+000  0.1522805415920963E-004
                        0                       77  0.1494680410349230E+003  0.0000000000000000E+000  0.1534634944429122E-004
