                                                                                                                                                                                                                                                                
                        1                        2
                   M_star                   R_star
  0.2784880000000000E+034  0.2780243116851050E+012
                        1                        2                        3                        4                        5
                        l                     n_pg                 Re(freq)                 Im(freq)                   E_norm
                        0                        1  0.5190295230542672E+002  0.0000000000000000E+000  0.1878137945399661E-004
                        0                        2  0.6760963689572615E+002  0.0000000000000000E+000  0.2762681503453214E-005
                        0                        3  0.8419847749559013E+002  0.0000000000000000E+000  0.6980602567179496E-006
                        0                        4  0.1008142519862985E+003  0.0000000000000000E+000  0.2656456227159445E-006
                        0                        5  0.1176233926786991E+003  0.0000000000000000E+000  0.1681201634198623E-006
                        0                        6  0.1354840464239775E+003  0.0000000000000000E+000  0.1429268980348573E-006
