                                                                                                                                                                                                                                                                
                        1                        2
                   M_star                   R_star
  0.3580560000000000E+034  0.2776309481305798E+012
                        1                        2                        3                        4                        5
                        l                     n_pg                 Re(freq)                 Im(freq)                   E_norm
                        0                        1  0.5949998357158290E+002  0.0000000000000000E+000  0.2030069955095425E-004
                        0                        2  0.7698869998870134E+002  0.0000000000000000E+000  0.2763471775438357E-005
                        0                        3  0.9630180196857637E+002  0.0000000000000000E+000  0.5935172496254846E-006
                        0                        4  0.1158567546806998E+003  0.0000000000000000E+000  0.1652267794829881E-006
                        0                        5  0.1347586471561786E+003  0.0000000000000000E+000  0.6637150799023999E-007
