                                                                                                                                                                                                                                                                
                        1                        2
                   M_star                   R_star
  0.2784880000000000E+034  0.2210285845686333E+012
                        1                        2                        3                        4                        5
                        l                     n_pg                 Re(freq)                 Im(freq)                   E_norm
                        0                        1  0.7496683584794937E+002  0.0000000000000000E+000  0.1667454784531004E-004
                        0                        2  0.9658729905666146E+002  0.0000000000000000E+000  0.2069909647637032E-005
                        0                        3  0.1201511149888016E+003  0.0000000000000000E+000  0.4472592230351315E-006
                        0                        4  0.1440884105045646E+003  0.0000000000000000E+000  0.1296265745227154E-006
