                                                                                                                                                                                                                                                                
                        1                        2
                   M_star                   R_star
  0.3580560000000000E+034  0.2784405572017203E+012
                        1                        2                        3                        4                        5
                        l                     n_pg                 Re(freq)                 Im(freq)                   E_norm
                        0                        1  0.5989665537186726E+002  0.0000000000000000E+000  0.2081017330128454E-004
                        0                        2  0.7729808044750416E+002  0.0000000000000000E+000  0.2598517364209054E-005
                        0                        3  0.9598107764892751E+002  0.0000000000000000E+000  0.5697189780348327E-006
                        0                        4  0.1149828119047086E+003  0.0000000000000000E+000  0.1730154923445055E-006
                        0                        5  0.1335859516756659E+003  0.0000000000000000E+000  0.7741988586450432E-007
