                                                                                                                                                                                                                                                                
                        1                        2
                   M_star                   R_star
  0.3580560000000000E+034  0.3491996113213897E+012
                        1                        2                        3                        4                        5
                        l                     n_pg                 Re(freq)                 Im(freq)                   E_norm
                        0                        1  0.2358961227658671E+002  0.0000000000000000E+000  0.6840177458172790E-001
                        0                        2  0.4512420467010521E+002  0.0000000000000000E+000  0.4429954043347323E-002
                        0                        3  0.6438228923230660E+002  0.0000000000000000E+000  0.6844257886153419E-003
                        0                        4  0.8253776846690772E+002  0.0000000000000000E+000  0.1556905361454805E-003
                        0                        5  0.1002577066143653E+003  0.0000000000000000E+000  0.4264509468541314E-004
                        0                        6  0.1173535278008539E+003  0.0000000000000000E+000  0.1214408343070077E-004
                        0                        7  0.1332603543812062E+003  0.0000000000000000E+000  0.4363472732553990E-005
                        0                        8  0.1489231825213181E+003  0.0000000000000000E+000  0.2307548178911472E-005
