                                                                                                                                                                                                                                                                
                        1                        2
                   M_star                   R_star
  0.2387040000000000E+034  0.2779871619462764E+012
                        1                        2                        3                        4                        5
                        l                     n_pg                 Re(freq)                 Im(freq)                   E_norm
                        0                        1  0.2853476748568516E+002  0.0000000000000000E+000  0.4795608592051646E-001
                        0                        2  0.5295830439235426E+002  0.0000000000000000E+000  0.2976673458672061E-002
                        0                        3  0.7473645945501336E+002  0.0000000000000000E+000  0.4307179496544125E-003
                        0                        4  0.9525377283949044E+002  0.0000000000000000E+000  0.9923017121472535E-004
                        0                        5  0.1155562685326718E+003  0.0000000000000000E+000  0.2685247907100988E-004
                        0                        6  0.1348163189375113E+003  0.0000000000000000E+000  0.7624480340967965E-005
