                                                                                                                                                                                                                                                                
                        1                        2
                   M_star                   R_star
  0.2387040000000000E+034  0.2775779419153098E+012
                        1                        2                        3                        4                        5
                        l                     n_pg                 Re(freq)                 Im(freq)                   E_norm
                        0                        1  0.4563737713848542E+002  0.0000000000000000E+000  0.3430205401120538E-004
                        0                        2  0.6067753031595269E+002  0.0000000000000000E+000  0.8643237494043742E-005
                        0                        3  0.7780064584328636E+002  0.0000000000000000E+000  0.3089530494181713E-005
                        0                        4  0.9520105994330609E+002  0.0000000000000000E+000  0.1197148541139019E-005
                        0                        5  0.1121902286323423E+003  0.0000000000000000E+000  0.6543456141717287E-006
                        0                        6  0.1299543475473418E+003  0.0000000000000000E+000  0.4867294891257787E-006
                        0                        7  0.1485769699131714E+003  0.0000000000000000E+000  0.3486683858641682E-006
