                                                                                                                                                                                                                                                                
                        1                        2
                   M_star                   R_star
  0.1591360000000000E+034  0.1104077084294771E+013
                        1                        2                        3                        4                        5
                        l                     n_pg                 Re(freq)                 Im(freq)                   E_norm
                        0                        5  0.1077199190659697E+002  0.0000000000000000E+000  0.2975793238521869E-004
                        0                        6  0.1276079438788091E+002  0.0000000000000000E+000  0.2975875561893419E-004
                        0                        7  0.1476633394732594E+002  0.0000000000000000E+000  0.2475844172873496E-004
                        0                        8  0.1677808162550060E+002  0.0000000000000000E+000  0.2493140580969968E-004
                        0                        9  0.1884489569589162E+002  0.0000000000000000E+000  0.2401636715258009E-004
                        0                       10  0.2090264299416541E+002  0.0000000000000000E+000  0.2458238597309008E-004
                        0                       11  0.2299243006864504E+002  0.0000000000000000E+000  0.2438418754655399E-004
                        0                       12  0.2507220253125595E+002  0.0000000000000000E+000  0.2475615972194793E-004
                        0                       13  0.2717031085164560E+002  0.0000000000000000E+000  0.2524712040352015E-004
                        0                       14  0.2926976957573563E+002  0.0000000000000000E+000  0.2570854966167602E-004
                        0                       15  0.3137628139808086E+002  0.0000000000000000E+000  0.2610894948311278E-004
                        0                       16  0.3348246537338302E+002  0.0000000000000000E+000  0.2661431002477055E-004
                        0                       17  0.3559580025408094E+002  0.0000000000000000E+000  0.2708079001747855E-004
                        0                       18  0.3770852718340153E+002  0.0000000000000000E+000  0.2753102228993189E-004
                        0                       19  0.3982616159432529E+002  0.0000000000000000E+000  0.2796362352813094E-004
                        0                       20  0.4194350468049185E+002  0.0000000000000000E+000  0.2830678669715219E-004
                        0                       21  0.4406358460759245E+002  0.0000000000000000E+000  0.2868418613174360E-004
                        0                       22  0.4618459331615693E+002  0.0000000000000000E+000  0.2895882728984619E-004
                        0                       23  0.4830696641540482E+002  0.0000000000000000E+000  0.2922613316472347E-004
                        0                       24  0.5043053544916318E+002  0.0000000000000000E+000  0.2939884611849344E-004
                        0                       25  0.5255423027452427E+002  0.0000000000000000E+000  0.2953619193599501E-004
                        0                       26  0.5467924972328581E+002  0.0000000000000000E+000  0.2963009440265744E-004
                        0                       27  0.5680463710211894E+002  0.0000000000000000E+000  0.2964745724769042E-004
                        0                       28  0.5893049802960767E+002  0.0000000000000000E+000  0.2961171139774116E-004
                        0                       29  0.6105656402261094E+002  0.0000000000000000E+000  0.2951327560288229E-004
                        0                       30  0.6318279802783557E+002  0.0000000000000000E+000  0.2938811757167757E-004
                        0                       31  0.6530961552059665E+002  0.0000000000000000E+000  0.2919239448066092E-004
                        0                       32  0.6743617474409825E+002  0.0000000000000000E+000  0.2895560133148526E-004
                        0                       33  0.6956287416932339E+002  0.0000000000000000E+000  0.2866217031855106E-004
                        0                       34  0.7168954254636405E+002  0.0000000000000000E+000  0.2834076636069442E-004
                        0                       35  0.7381602683795218E+002  0.0000000000000000E+000  0.2797021700308965E-004
                        0                       36  0.7594260199462045E+002  0.0000000000000000E+000  0.2757068339102417E-004
                        0                       37  0.7806863527531711E+002  0.0000000000000000E+000  0.2713702677993744E-004
                        0                       38  0.8019458625878157E+002  0.0000000000000000E+000  0.2667479752924282E-004
                        0                       39  0.8232022875126665E+002  0.0000000000000000E+000  0.2618592194496432E-004
                        0                       40  0.8444526403171562E+002  0.0000000000000000E+000  0.2566803092536884E-004
                        0                       41  0.8657001682088034E+002  0.0000000000000000E+000  0.2515823277007815E-004
                        0                       42  0.8869449847813358E+002  0.0000000000000000E+000  0.2461900095532459E-004
                        0                       43  0.9081787802200660E+002  0.0000000000000000E+000  0.2407772830177100E-004
                        0                       44  0.9294118813326340E+002  0.0000000000000000E+000  0.2356104519492984E-004
                        0                       45  0.9506379407184826E+002  0.0000000000000000E+000  0.2301910092933877E-004
                        0                       46  0.9718569279805644E+002  0.0000000000000000E+000  0.2250352701592172E-004
                        0                       47  0.9930720955275756E+002  0.0000000000000000E+000  0.2199791108431375E-004
                        0                       48  0.1014281556388322E+003  0.0000000000000000E+000  0.2150564768448410E-004
                        0                       49  0.1035482532721270E+003  0.0000000000000000E+000  0.2103231366457666E-004
                        0                       50  0.1056680008582398E+003  0.0000000000000000E+000  0.2057974727427055E-004
                        0                       51  0.1077871208313362E+003  0.0000000000000000E+000  0.2014450076997665E-004
                        0                       52  0.1099056390380175E+003  0.0000000000000000E+000  0.1973877992525932E-004
                        0                       53  0.1120235788198567E+003  0.0000000000000000E+000  0.1935150667220394E-004
                        0                       54  0.1141408421577670E+003  0.0000000000000000E+000  0.1901227362187549E-004
                        0                       55  0.1162574489724917E+003  0.0000000000000000E+000  0.1871034907319917E-004
                        0                       56  0.1183737956744719E+003  0.0000000000000000E+000  0.1845585668421023E-004
                        0                       57  0.1204900444325629E+003  0.0000000000000000E+000  0.1822331944041166E-004
                        0                       58  0.1226059772043075E+003  0.0000000000000000E+000  0.1800939731824642E-004
                        0                       59  0.1247214493700134E+003  0.0000000000000000E+000  0.1783580809071592E-004
                        0                       60  0.1268366179296213E+003  0.0000000000000000E+000  0.1770862123608438E-004
                        0                       61  0.1289517803868036E+003  0.0000000000000000E+000  0.1763150708772141E-004
                        0                       62  0.1310670666453258E+003  0.0000000000000000E+000  0.1760051673630222E-004
                        0                       63  0.1331825507504456E+003  0.0000000000000000E+000  0.1759068513647458E-004
                        0                       64  0.1352981772756843E+003  0.0000000000000000E+000  0.1761645196241374E-004
                        0                       65  0.1374141831978940E+003  0.0000000000000000E+000  0.1766400851497442E-004
                        0                       66  0.1395304351852004E+003  0.0000000000000000E+000  0.1774246858689047E-004
                        0                       67  0.1416469583403894E+003  0.0000000000000000E+000  0.1786304177190942E-004
                        0                       68  0.1437638666852760E+003  0.0000000000000000E+000  0.1800295207508632E-004
                        0                       69  0.1458811441029509E+003  0.0000000000000000E+000  0.1817462818850428E-004
                        0                       70  0.1479988126233515E+003  0.0000000000000000E+000  0.1835783198236972E-004
