                                                                                                                                                                                                                                                                
                        1                        2
                   M_star                   R_star
  0.1591360000000000E+034  0.2771046764873409E+012
                        1                        2                        3                        4                        5
                        l                     n_pg                 Re(freq)                 Im(freq)                   E_norm
                        0                        1  0.2394545339154790E+002  0.0000000000000000E+000  0.3866400708567150E-001
                        0                        2  0.4378007476064210E+002  0.0000000000000000E+000  0.2097876258639225E-002
                        0                        3  0.6146907449256903E+002  0.0000000000000000E+000  0.2651435424780306E-003
                        0                        4  0.7829825394270890E+002  0.0000000000000000E+000  0.4381919155152227E-004
                        0                        5  0.9351410143912909E+002  0.0000000000000000E+000  0.9737390071912132E-005
                        0                        6  0.1080918170571296E+003  0.0000000000000000E+000  0.3796290895174519E-005
                        0                        7  0.1229474056655587E+003  0.0000000000000000E+000  0.1786672847916688E-005
                        0                        8  0.1373904696546205E+003  0.0000000000000000E+000  0.1106520315625150E-005
