                                                                                                                                                                                                                                                                
                        1                        2
                   M_star                   R_star
  0.1989200000000000E+034  0.2201779357528098E+012
                        1                        2                        3                        4                        5
                        l                     n_pg                 Re(freq)                 Im(freq)                   E_norm
                        0                        1  0.4528416971795936E+002  0.0000000000000000E+000  0.5061279165868249E-002
                        0                        2  0.7562618664550085E+002  0.0000000000000000E+000  0.4949958280726344E-003
                        0                        3  0.1023024090348898E+003  0.0000000000000000E+000  0.9547749509256077E-004
                        0                        4  0.1280268778226146E+003  0.0000000000000000E+000  0.2363808719650930E-004
