                                                                                                                                                                                                                                                                
                        1                        2
                   M_star                   R_star
  0.3580560000000000E+034  0.3497879731357992E+012
                        1                        2                        3                        4                        5
                        l                     n_pg                 Re(freq)                 Im(freq)                   E_norm
                        0                        1  0.4261702997988959E+002  0.0000000000000000E+000  0.1907694336748049E-004
                        0                        2  0.5465141158773168E+002  0.0000000000000000E+000  0.2591252409245507E-005
                        0                        3  0.6755284845035214E+002  0.0000000000000000E+000  0.6507472279830882E-006
                        0                        4  0.8055725050593357E+002  0.0000000000000000E+000  0.2402418240795488E-006
                        0                        5  0.9372590324734473E+002  0.0000000000000000E+000  0.1449204522311222E-006
                        0                        6  0.1077432680474767E+003  0.0000000000000000E+000  0.1165427613671347E-006
                        0                        7  0.1224358140799666E+003  0.0000000000000000E+000  0.9931440504811400E-007
                        0                        8  0.1375240912627337E+003  0.0000000000000000E+000  0.8496621456917703E-007
