                                                                                                                                                                                                                                                                
                        1                        2
                   M_star                   R_star
  0.3182720000000000E+034  0.3492014528405665E+012
                        1                        2                        3                        4                        5
                        l                     n_pg                 Re(freq)                 Im(freq)                   E_norm
                        0                        1  0.2208454058093295E+002  0.0000000000000000E+000  0.7096797495389147E-001
                        0                        2  0.4246816926498994E+002  0.0000000000000000E+000  0.4351594678776624E-002
                        0                        3  0.6056175271829203E+002  0.0000000000000000E+000  0.6447546257895595E-003
                        0                        4  0.7765669795059745E+002  0.0000000000000000E+000  0.1400111786371971E-003
                        0                        5  0.9431233338999863E+002  0.0000000000000000E+000  0.3495890988432182E-004
                        0                        6  0.1100109514446054E+003  0.0000000000000000E+000  0.9623391749502096E-005
                        0                        7  0.1247027226217370E+003  0.0000000000000000E+000  0.3905907749942430E-005
                        0                        8  0.1396845370941370E+003  0.0000000000000000E+000  0.2145679770820884E-005
