                                                                                                                                                                                                                                                                
                        1                        2
                   M_star                   R_star
  0.3580560000000000E+034  0.2776390659355990E+012
                        1                        2                        3                        4                        5
                        l                     n_pg                 Re(freq)                 Im(freq)                   E_norm
                        0                        1  0.3342703745296434E+002  0.0000000000000000E+000  0.6770353073330747E-001
                        0                        2  0.6365854918556126E+002  0.0000000000000000E+000  0.4788463261761038E-002
                        0                        3  0.9099194096489418E+002  0.0000000000000000E+000  0.8053345130120183E-003
                        0                        4  0.1168897703652818E+003  0.0000000000000000E+000  0.1916213343401315E-003
                        0                        5  0.1420075650825706E+003  0.0000000000000000E+000  0.5520582279632677E-004
