                                                                                                                                                                                                                                                                
                        1                        2
                   M_star                   R_star
  0.3580560000000000E+034  0.2782102278822967E+012
                        1                        2                        3                        4                        5
                        l                     n_pg                 Re(freq)                 Im(freq)                   E_norm
                        0                        1  0.5898098469505888E+002  0.0000000000000000E+000  0.2162996498601425E-004
                        0                        2  0.7650026252271877E+002  0.0000000000000000E+000  0.3041284315488632E-005
                        0                        3  0.9585459239383820E+002  0.0000000000000000E+000  0.6700121136692422E-006
                        0                        4  0.1154535083734386E+003  0.0000000000000000E+000  0.1903007494319581E-006
                        0                        5  0.1343818860167579E+003  0.0000000000000000E+000  0.7871487568369532E-007
