                                                                                                                                                                                                                                                                
                        1                        2
                   M_star                   R_star
  0.2387040000000000E+034  0.2205096563825798E+012
                        1                        2                        3                        4                        5
                        l                     n_pg                 Re(freq)                 Im(freq)                   E_norm
                        0                        1  0.3974394587362299E+002  0.0000000000000000E+000  0.5532684433440931E-001
                        0                        2  0.7446878520673086E+002  0.0000000000000000E+000  0.3784876414703904E-002
                        0                        3  0.1059912299124330E+003  0.0000000000000000E+000  0.5956162053246932E-003
                        0                        4  0.1359292560266338E+003  0.0000000000000000E+000  0.1335765122731823E-003
