                                                                                                                                                                                                                                                                
                        1                        2
                   M_star                   R_star
  0.1989200000000000E+034  0.2772995425849308E+012
                        1                        2                        3                        4                        5
                        l                     n_pg                 Re(freq)                 Im(freq)                   E_norm
                        0                        1  0.2919870176349955E+002  0.0000000000000000E+000  0.1778125881902850E-001
                        0                        2  0.5098589933233911E+002  0.0000000000000000E+000  0.1238250347574561E-002
                        0                        3  0.7061241466978714E+002  0.0000000000000000E+000  0.1899937942447942E-003
                        0                        4  0.8933327308497887E+002  0.0000000000000000E+000  0.4222528850084241E-004
                        0                        5  0.1072143377885824E+003  0.0000000000000000E+000  0.1019943698689429E-004
                        0                        6  0.1235535138728579E+003  0.0000000000000000E+000  0.3602260564477043E-005
                        0                        7  0.1402309937416527E+003  0.0000000000000000E+000  0.1970329148433287E-005
