                                                                                                                                                                                                                                                                
                        1                        2
                   M_star                   R_star
  0.1989200000000000E+034  0.2204206142074146E+012
                        1                        2                        3                        4                        5
                        l                     n_pg                 Re(freq)                 Im(freq)                   E_norm
                        0                        1  0.5340726436815076E+002  0.0000000000000000E+000  0.2083723092775586E-003
                        0                        2  0.7791897666758403E+002  0.0000000000000000E+000  0.4561763289029544E-004
                        0                        3  0.1026080397527010E+003  0.0000000000000000E+000  0.9827287707239656E-005
                        0                        4  0.1257280255167542E+003  0.0000000000000000E+000  0.3356950027199679E-005
                        0                        5  0.1496760437148418E+003  0.0000000000000000E+000  0.1519018162093218E-005
