                                                                                                                                                                                                                                                                
                        1                        2
                   M_star                   R_star
  0.2387040000000000E+034  0.2205083783225316E+012
                        1                        2                        3                        4                        5
                        l                     n_pg                 Re(freq)                 Im(freq)                   E_norm
                        0                        1  0.7037081211499419E+002  0.0000000000000000E+000  0.1236775896777967E-004
                        0                        2  0.9007120892240469E+002  0.0000000000000000E+000  0.1545238498909623E-005
                        0                        3  0.1115700473322815E+003  0.0000000000000000E+000  0.3529981249619975E-006
                        0                        4  0.1332888436770000E+003  0.0000000000000000E+000  0.1090639100080901E-006
