                                                                                                                                                                                                                                                                
                        1                        2
                   M_star                   R_star
  0.2387040000000000E+034  0.2201918678322185E+012
                        1                        2                        3                        4                        5
                        l                     n_pg                 Re(freq)                 Im(freq)                   E_norm
                        0                        1  0.4167447363889869E+002  0.0000000000000000E+000  0.3976745039975793E-001
                        0                        2  0.7600417923345363E+002  0.0000000000000000E+000  0.2918228347566323E-002
                        0                        3  0.1074099432270412E+003  0.0000000000000000E+000  0.4728637217354559E-003
                        0                        4  0.1371410290353186E+003  0.0000000000000000E+000  0.1100155699406964E-003
