                                                                                                                                                                                                                                                                
                        1                        2
                   M_star                   R_star
  0.1591360000000000E+034  0.2771160900867220E+012
                        1                        2                        3                        4                        5
                        l                     n_pg                 Re(freq)                 Im(freq)                   E_norm
                        0                        1  0.2399351994331354E+002  0.0000000000000000E+000  0.3822470555540700E-001
                        0                        2  0.4383370369651566E+002  0.0000000000000000E+000  0.2096995773454945E-002
                        0                        3  0.6157962353742233E+002  0.0000000000000000E+000  0.2625372259806577E-003
                        0                        4  0.7838178791559571E+002  0.0000000000000000E+000  0.4272571216088783E-004
                        0                        5  0.9351409688456091E+002  0.0000000000000000E+000  0.9737386447017311E-005
                        0                        6  0.1081374019110079E+003  0.0000000000000000E+000  0.3859545901585652E-005
                        0                        7  0.1229597566697560E+003  0.0000000000000000E+000  0.1847853830462498E-005
                        0                        8  0.1374603947931466E+003  0.0000000000000000E+000  0.1183060326031203E-005
