                                                                                                                                                                                                                                                                
                        1                        2
                   M_star                   R_star
  0.3182720000000000E+034  0.1748698395190889E+013
                        1                        2                        3                        4                        5
                        l                     n_pg                 Re(freq)                 Im(freq)                   E_norm
                        0                        7  0.1042906481162572E+002  0.0000000000000000E+000  0.3544878333810221E-004
                        0                        8  0.1182438613707313E+002  0.0000000000000000E+000  0.3144290615669906E-004
                        0                        9  0.1325967731766274E+002  0.0000000000000000E+000  0.3250788444035537E-004
                        0                       10  0.1471320563389941E+002  0.0000000000000000E+000  0.3174359593418774E-004
                        0                       11  0.1616471656229939E+002  0.0000000000000000E+000  0.3215508557590355E-004
                        0                       12  0.1762890680289593E+002  0.0000000000000000E+000  0.3216029704324835E-004
                        0                       13  0.1909168505950666E+002  0.0000000000000000E+000  0.3280623151485014E-004
                        0                       14  0.2056406837495118E+002  0.0000000000000000E+000  0.3337962279316297E-004
                        0                       15  0.2203706870570908E+002  0.0000000000000000E+000  0.3399832088350285E-004
                        0                       16  0.2351489920673419E+002  0.0000000000000000E+000  0.3446842533853595E-004
                        0                       17  0.2499118188381768E+002  0.0000000000000000E+000  0.3498554844068334E-004
                        0                       18  0.2647267018542573E+002  0.0000000000000000E+000  0.3572326839402983E-004
                        0                       19  0.2795524431077018E+002  0.0000000000000000E+000  0.3605832384792891E-004
                        0                       20  0.2943769350675786E+002  0.0000000000000000E+000  0.3657029271723293E-004
                        0                       21  0.3092333055087143E+002  0.0000000000000000E+000  0.3693557415384933E-004
                        0                       22  0.3240813331519604E+002  0.0000000000000000E+000  0.3720458824635939E-004
                        0                       23  0.3389484911283640E+002  0.0000000000000000E+000  0.3749597374883995E-004
                        0                       24  0.3538217294090889E+002  0.0000000000000000E+000  0.3760214963232482E-004
                        0                       25  0.3686967652278473E+002  0.0000000000000000E+000  0.3767917862688201E-004
                        0                       26  0.3835803857930107E+002  0.0000000000000000E+000  0.3765936617472314E-004
                        0                       27  0.3984638762907307E+002  0.0000000000000000E+000  0.3757319162339533E-004
                        0                       28  0.4133549192085057E+002  0.0000000000000000E+000  0.3741517619003878E-004
                        0                       29  0.4282457607001903E+002  0.0000000000000000E+000  0.3715780737360517E-004
                        0                       30  0.4431390741874392E+002  0.0000000000000000E+000  0.3682362656642510E-004
                        0                       31  0.4580312063015923E+002  0.0000000000000000E+000  0.3643217712591155E-004
                        0                       32  0.4729265882852129E+002  0.0000000000000000E+000  0.3598709489031211E-004
                        0                       33  0.4878209621823480E+002  0.0000000000000000E+000  0.3546015398071158E-004
                        0                       34  0.5027143265231314E+002  0.0000000000000000E+000  0.3486483158064003E-004
                        0                       35  0.5176053095189903E+002  0.0000000000000000E+000  0.3423608315297651E-004
                        0                       36  0.5324948031051334E+002  0.0000000000000000E+000  0.3355723091253051E-004
                        0                       37  0.5473816710227690E+002  0.0000000000000000E+000  0.3286110535684641E-004
                        0                       38  0.5622663783880637E+002  0.0000000000000000E+000  0.3210304208319916E-004
                        0                       39  0.5771465105457145E+002  0.0000000000000000E+000  0.3134587530780426E-004
                        0                       40  0.5920238528468592E+002  0.0000000000000000E+000  0.3056790513256512E-004
                        0                       41  0.6068973405266468E+002  0.0000000000000000E+000  0.2979375082586615E-004
                        0                       42  0.6217666125882906E+002  0.0000000000000000E+000  0.2899651449124276E-004
                        0                       43  0.6366294420875447E+002  0.0000000000000000E+000  0.2822939791914197E-004
                        0                       44  0.6514902203536457E+002  0.0000000000000000E+000  0.2746899762555131E-004
                        0                       45  0.6663440903269284E+002  0.0000000000000000E+000  0.2670650945893328E-004
                        0                       46  0.6811913756385933E+002  0.0000000000000000E+000  0.2598679834507483E-004
                        0                       47  0.6960357701692777E+002  0.0000000000000000E+000  0.2530636208911418E-004
                        0                       48  0.7108729091782294E+002  0.0000000000000000E+000  0.2464743140180938E-004
                        0                       49  0.7257047203904968E+002  0.0000000000000000E+000  0.2404113523625929E-004
                        0                       50  0.7405321595903693E+002  0.0000000000000000E+000  0.2349488598794876E-004
                        0                       51  0.7553563446972217E+002  0.0000000000000000E+000  0.2298592508039613E-004
                        0                       52  0.7701746216324970E+002  0.0000000000000000E+000  0.2252216009121721E-004
                        0                       53  0.7849894764784948E+002  0.0000000000000000E+000  0.2212280248828144E-004
                        0                       54  0.7998021074503154E+002  0.0000000000000000E+000  0.2177876858712163E-004
                        0                       55  0.8146126438925991E+002  0.0000000000000000E+000  0.2148723271840043E-004
                        0                       56  0.8294202738951466E+002  0.0000000000000000E+000  0.2124515320199352E-004
                        0                       57  0.8442257921807440E+002  0.0000000000000000E+000  0.2105934754781872E-004
                        0                       58  0.8590291432083788E+002  0.0000000000000000E+000  0.2094498534530361E-004
                        0                       59  0.8738342609914872E+002  0.0000000000000000E+000  0.2089779944864683E-004
                        0                       60  0.8886411436946207E+002  0.0000000000000000E+000  0.2090448440306468E-004
                        0                       61  0.9034507344426396E+002  0.0000000000000000E+000  0.2096206628996955E-004
                        0                       62  0.9182620572026478E+002  0.0000000000000000E+000  0.2106788433958197E-004
                        0                       63  0.9330755943718029E+002  0.0000000000000000E+000  0.2122191870994422E-004
                        0                       64  0.9478932633354133E+002  0.0000000000000000E+000  0.2143009972921744E-004
                        0                       65  0.9627168539220500E+002  0.0000000000000000E+000  0.2169638303882067E-004
                        0                       66  0.9775450982775484E+002  0.0000000000000000E+000  0.2199685003289876E-004
                        0                       67  0.9923795998381372E+002  0.0000000000000000E+000  0.2231961990975189E-004
                        0                       68  0.1007218595695413E+003  0.0000000000000000E+000  0.2266321119869449E-004
                        0                       69  0.1022062817115503E+003  0.0000000000000000E+000  0.2302571823248426E-004
                        0                       70  0.1036911589437226E+003  0.0000000000000000E+000  0.2340279846830261E-004
                        0                       71  0.1051764827107446E+003  0.0000000000000000E+000  0.2380041324649468E-004
                        0                       72  0.1066622664871733E+003  0.0000000000000000E+000  0.2421522872682195E-004
                        0                       73  0.1081485342663804E+003  0.0000000000000000E+000  0.2464126186997048E-004
                        0                       74  0.1096352784224790E+003  0.0000000000000000E+000  0.2505952414202100E-004
                        0                       75  0.1111224901345834E+003  0.0000000000000000E+000  0.2547179611734665E-004
                        0                       76  0.1126101394181491E+003  0.0000000000000000E+000  0.2589529463158374E-004
                        0                       77  0.1140982255801966E+003  0.0000000000000000E+000  0.2630204588077687E-004
                        0                       78  0.1155867051001963E+003  0.0000000000000000E+000  0.2668740068388962E-004
                        0                       79  0.1170755062660847E+003  0.0000000000000000E+000  0.2704501311120542E-004
                        0                       80  0.1185645734498901E+003  0.0000000000000000E+000  0.2738882967457409E-004
                        0                       81  0.1200539208313523E+003  0.0000000000000000E+000  0.2770194854678818E-004
                        0                       82  0.1215434773773662E+003  0.0000000000000000E+000  0.2798147165795784E-004
                        0                       83  0.1230332290988186E+003  0.0000000000000000E+000  0.2823240890198877E-004
                        0                       84  0.1245231785552618E+003  0.0000000000000000E+000  0.2845004116966551E-004
                        0                       85  0.1260132564005083E+003  0.0000000000000000E+000  0.2862442607828099E-004
                        0                       86  0.1275034831724065E+003  0.0000000000000000E+000  0.2876597865555247E-004
                        0                       87  0.1289937735130020E+003  0.0000000000000000E+000  0.2888163315364796E-004
                        0                       88  0.1304841322495550E+003  0.0000000000000000E+000  0.2896014602928233E-004
                        0                       89  0.1319745290727137E+003  0.0000000000000000E+000  0.2898926511002236E-004
                        0                       90  0.1334649153765473E+003  0.0000000000000000E+000  0.2898102586485528E-004
                        0                       91  0.1349552703192461E+003  0.0000000000000000E+000  0.2894859993368687E-004
                        0                       92  0.1364455328550736E+003  0.0000000000000000E+000  0.2886665852091705E-004
                        0                       93  0.1379356915363556E+003  0.0000000000000000E+000  0.2875069648867419E-004
                        0                       94  0.1394258008704973E+003  0.0000000000000000E+000  0.2861625725345128E-004
                        0                       95  0.1409157300721508E+003  0.0000000000000000E+000  0.2846640656510333E-004
                        0                       96  0.1424055568028525E+003  0.0000000000000000E+000  0.2827947107614750E-004
                        0                       97  0.1438952003770524E+003  0.0000000000000000E+000  0.2805139257577602E-004
                        0                       98  0.1453846780314519E+003  0.0000000000000000E+000  0.2780875274739123E-004
                        0                       99  0.1468739225991865E+003  0.0000000000000000E+000  0.2754974640881378E-004
                        0                      100  0.1483630128970909E+003  0.0000000000000000E+000  0.2728342577725334E-004
                        0                      101  0.1498518281657297E+003  0.0000000000000000E+000  0.2700477168860848E-004
