                                                                                                                                                                                                                                                                
                        1                        2
                   M_star                   R_star
  0.2784880000000000E+034  0.2776153587952076E+012
                        1                        2                        3                        4                        5
                        l                     n_pg                 Re(freq)                 Im(freq)                   E_norm
                        0                        1  0.4771643474333163E+002  0.0000000000000000E+000  0.6481995633354300E-004
                        0                        2  0.6501660221750151E+002  0.0000000000000000E+000  0.1619657612519664E-004
                        0                        3  0.8424885450698156E+002  0.0000000000000000E+000  0.4929612070457896E-005
                        0                        4  0.1034420551753683E+003  0.0000000000000000E+000  0.1615284378900996E-005
                        0                        5  0.1217823216660414E+003  0.0000000000000000E+000  0.7968640799244186E-006
                        0                        6  0.1409388507369015E+003  0.0000000000000000E+000  0.5632855731392001E-006
