                                                                                                                                                                                                                                                                
                        1                        2
                   M_star                   R_star
  0.2387040000000000E+034  0.1748700709204223E+013
                        1                        2                        3                        4                        5
                        l                     n_pg                 Re(freq)                 Im(freq)                   E_norm
                        0                        8  0.1038751359917995E+002  0.0000000000000000E+000  0.5743453063537342E-004
                        0                        9  0.1167609496009062E+002  0.0000000000000000E+000  0.5578459767259891E-004
                        0                       10  0.1296466510067627E+002  0.0000000000000000E+000  0.5662225022457128E-004
                        0                       11  0.1426145403912911E+002  0.0000000000000000E+000  0.5640502287054188E-004
                        0                       12  0.1556203869708256E+002  0.0000000000000000E+000  0.5784695769703167E-004
                        0                       13  0.1686690366990910E+002  0.0000000000000000E+000  0.5871316987127733E-004
                        0                       14  0.1817569076465877E+002  0.0000000000000000E+000  0.5986129762877698E-004
                        0                       15  0.1948425644980937E+002  0.0000000000000000E+000  0.6079483831529664E-004
                        0                       16  0.2079643922293758E+002  0.0000000000000000E+000  0.6236361080083904E-004
                        0                       17  0.2211056955270296E+002  0.0000000000000000E+000  0.6329906121931321E-004
                        0                       18  0.2342479236045039E+002  0.0000000000000000E+000  0.6464804940508718E-004
                        0                       19  0.2474167502066487E+002  0.0000000000000000E+000  0.6566522281518640E-004
                        0                       20  0.2605806202762770E+002  0.0000000000000000E+000  0.6681463014861100E-004
                        0                       21  0.2737677956798806E+002  0.0000000000000000E+000  0.6784613704024562E-004
                        0                       22  0.2869526068963489E+002  0.0000000000000000E+000  0.6873646367085344E-004
                        0                       23  0.3001488879114913E+002  0.0000000000000000E+000  0.6959968684086410E-004
                        0                       24  0.3133469809161146E+002  0.0000000000000000E+000  0.7034654731924804E-004
                        0                       25  0.3265537414291413E+002  0.0000000000000000E+000  0.7103937737119624E-004
                        0                       26  0.3397628120675910E+002  0.0000000000000000E+000  0.7157137579053012E-004
                        0                       27  0.3529754372081900E+002  0.0000000000000000E+000  0.7201502379753773E-004
                        0                       28  0.3661909500784835E+002  0.0000000000000000E+000  0.7239505544979379E-004
                        0                       29  0.3794104564582594E+002  0.0000000000000000E+000  0.7263916849192033E-004
                        0                       30  0.3926320816766338E+002  0.0000000000000000E+000  0.7276308181093476E-004
                        0                       31  0.4058539821050859E+002  0.0000000000000000E+000  0.7277567394227610E-004
                        0                       32  0.4190779438710322E+002  0.0000000000000000E+000  0.7269085044122636E-004
                        0                       33  0.4323028065189995E+002  0.0000000000000000E+000  0.7250472837087030E-004
                        0                       34  0.4455283661191780E+002  0.0000000000000000E+000  0.7218560589627143E-004
                        0                       35  0.4587535442848437E+002  0.0000000000000000E+000  0.7181451318719057E-004
                        0                       36  0.4719789975617576E+002  0.0000000000000000E+000  0.7134641855969468E-004
                        0                       37  0.4852053405735379E+002  0.0000000000000000E+000  0.7078304767107243E-004
                        0                       38  0.4984290581315069E+002  0.0000000000000000E+000  0.7015750665696076E-004
                        0                       39  0.5116556396661706E+002  0.0000000000000000E+000  0.6943968430691885E-004
                        0                       40  0.5248780826625529E+002  0.0000000000000000E+000  0.6862381807428489E-004
                        0                       41  0.5381007544234772E+002  0.0000000000000000E+000  0.6778431450197146E-004
                        0                       42  0.5513223678474095E+002  0.0000000000000000E+000  0.6685234194007726E-004
                        0                       43  0.5645404018214974E+002  0.0000000000000000E+000  0.6587002964690287E-004
                        0                       44  0.5777573573380486E+002  0.0000000000000000E+000  0.6488438908126079E-004
                        0                       45  0.5909729239383348E+002  0.0000000000000000E+000  0.6384633205977356E-004
                        0                       46  0.6041851584863281E+002  0.0000000000000000E+000  0.6278250894515072E-004
                        0                       47  0.6173947450618046E+002  0.0000000000000000E+000  0.6175255728900729E-004
                        0                       48  0.6306038486274067E+002  0.0000000000000000E+000  0.6069876231650740E-004
                        0                       49  0.6438110170612727E+002  0.0000000000000000E+000  0.5963626781530639E-004
                        0                       50  0.6570159937875599E+002  0.0000000000000000E+000  0.5853913942048833E-004
                        0                       51  0.6702167880504965E+002  0.0000000000000000E+000  0.5743837993084890E-004
                        0                       52  0.6834143918616249E+002  0.0000000000000000E+000  0.5638854007493957E-004
                        0                       53  0.6966104134709657E+002  0.0000000000000000E+000  0.5537471673680298E-004
                        0                       54  0.7098044484700267E+002  0.0000000000000000E+000  0.5436605896579004E-004
                        0                       55  0.7229951713470146E+002  0.0000000000000000E+000  0.5335211378228259E-004
                        0                       56  0.7361822937083566E+002  0.0000000000000000E+000  0.5237760098380608E-004
                        0                       57  0.7493654871220885E+002  0.0000000000000000E+000  0.5145437012249752E-004
                        0                       58  0.7625460038158694E+002  0.0000000000000000E+000  0.5059756606032957E-004
                        0                       59  0.7757237922903506E+002  0.0000000000000000E+000  0.4980484404158779E-004
                        0                       60  0.7888997272180120E+002  0.0000000000000000E+000  0.4907819795396379E-004
                        0                       61  0.8020738159575306E+002  0.0000000000000000E+000  0.4842347199200540E-004
                        0                       62  0.8152463663001089E+002  0.0000000000000000E+000  0.4781290087908041E-004
                        0                       63  0.8284175021749516E+002  0.0000000000000000E+000  0.4726783456083002E-004
                        0                       64  0.8415866317291142E+002  0.0000000000000000E+000  0.4676314142364478E-004
                        0                       65  0.8547545715644704E+002  0.0000000000000000E+000  0.4632829661501594E-004
                        0                       66  0.8679211333022150E+002  0.0000000000000000E+000  0.4594232795897378E-004
                        0                       67  0.8810862523201571E+002  0.0000000000000000E+000  0.4563336669511248E-004
                        0                       68  0.8942508244874614E+002  0.0000000000000000E+000  0.4539783287607381E-004
                        0                       69  0.9074152667803280E+002  0.0000000000000000E+000  0.4523349032585026E-004
                        0                       70  0.9205798567332363E+002  0.0000000000000000E+000  0.4512852670600457E-004
                        0                       71  0.9337450125317697E+002  0.0000000000000000E+000  0.4508066406979170E-004
                        0                       72  0.9469104248155007E+002  0.0000000000000000E+000  0.4509435585934367E-004
                        0                       73  0.9600770136312391E+002  0.0000000000000000E+000  0.4515614709250349E-004
                        0                       74  0.9732440303104677E+002  0.0000000000000000E+000  0.4528340870263255E-004
                        0                       75  0.9864126938046860E+002  0.0000000000000000E+000  0.4545738760920536E-004
                        0                       76  0.9995823227605820E+002  0.0000000000000000E+000  0.4568600773140616E-004
                        0                       77  0.1012753660805464E+003  0.0000000000000000E+000  0.4596464133398749E-004
                        0                       78  0.1025926579240923E+003  0.0000000000000000E+000  0.4628838656082699E-004
                        0                       79  0.1039101687420231E+003  0.0000000000000000E+000  0.4665403369128504E-004
                        0                       80  0.1052278676549685E+003  0.0000000000000000E+000  0.4704594643621317E-004
                        0                       81  0.1065457799015444E+003  0.0000000000000000E+000  0.4747019447890666E-004
                        0                       82  0.1078639069130971E+003  0.0000000000000000E+000  0.4791480746187855E-004
                        0                       83  0.1091822254323599E+003  0.0000000000000000E+000  0.4838964516445163E-004
                        0                       84  0.1105007873005332E+003  0.0000000000000000E+000  0.4889202410462201E-004
                        0                       85  0.1118195396730945E+003  0.0000000000000000E+000  0.4940271083592793E-004
                        0                       86  0.1131385089826744E+003  0.0000000000000000E+000  0.4994147415460869E-004
                        0                       87  0.1144576638106817E+003  0.0000000000000000E+000  0.5046849010954798E-004
                        0                       88  0.1157770432436114E+003  0.0000000000000000E+000  0.5101731709645355E-004
                        0                       89  0.1170966094895888E+003  0.0000000000000000E+000  0.5153442954462555E-004
                        0                       90  0.1184163904020079E+003  0.0000000000000000E+000  0.5206345981789194E-004
                        0                       91  0.1197363244313357E+003  0.0000000000000000E+000  0.5255941569749220E-004
                        0                       92  0.1210564330445468E+003  0.0000000000000000E+000  0.5307329074481845E-004
                        0                       93  0.1223766651652576E+003  0.0000000000000000E+000  0.5357183760280246E-004
                        0                       94  0.1236970869530718E+003  0.0000000000000000E+000  0.5407452998769805E-004
                        0                       95  0.1250176353475039E+003  0.0000000000000000E+000  0.5454862048805533E-004
                        0                       96  0.1263383408444215E+003  0.0000000000000000E+000  0.5498584844545379E-004
                        0                       97  0.1276591564178249E+003  0.0000000000000000E+000  0.5539151750787675E-004
                        0                       98  0.1289800795045971E+003  0.0000000000000000E+000  0.5575801756306998E-004
                        0                       99  0.1303010915317560E+003  0.0000000000000000E+000  0.5611195312893840E-004
                        0                      100  0.1316221741682511E+003  0.0000000000000000E+000  0.5642146219151511E-004
                        0                      101  0.1329433376382408E+003  0.0000000000000000E+000  0.5671401614554081E-004
                        0                      102  0.1342645377721385E+003  0.0000000000000000E+000  0.5695848837431301E-004
                        0                      103  0.1355858138148031E+003  0.0000000000000000E+000  0.5719189637438922E-004
                        0                      104  0.1369071001156148E+003  0.0000000000000000E+000  0.5737938972876171E-004
                        0                      105  0.1382284616471455E+003  0.0000000000000000E+000  0.5753762499484810E-004
                        0                      106  0.1395498244995162E+003  0.0000000000000000E+000  0.5762897498669788E-004
                        0                      107  0.1408712602985753E+003  0.0000000000000000E+000  0.5768361231276296E-004
                        0                      108  0.1421926640724894E+003  0.0000000000000000E+000  0.5769485210253381E-004
                        0                      109  0.1435141060317557E+003  0.0000000000000000E+000  0.5770718999021742E-004
                        0                      110  0.1448354947782236E+003  0.0000000000000000E+000  0.5769714693838540E-004
                        0                      111  0.1461568769874949E+003  0.0000000000000000E+000  0.5766966814330121E-004
                        0                      112  0.1474782096887021E+003  0.0000000000000000E+000  0.5757701769767736E-004
                        0                      113  0.1487995073305387E+003  0.0000000000000000E+000  0.5744218704266220E-004
