                                                                                                                                                                                                                                                                
                        1                        2
                   M_star                   R_star
  0.2784880000000000E+034  0.2776868558311511E+012
                        1                        2                        3                        4                        5
                        l                     n_pg                 Re(freq)                 Im(freq)                   E_norm
                        0                        1  0.3258629533274866E+002  0.0000000000000000E+000  0.3240496710528446E-001
                        0                        2  0.5851457549605231E+002  0.0000000000000000E+000  0.2465843004327519E-002
                        0                        3  0.8215261374579487E+002  0.0000000000000000E+000  0.4062004523737400E-003
                        0                        4  0.1044717188346446E+003  0.0000000000000000E+000  0.9528660188705766E-004
                        0                        5  0.1262698678501947E+003  0.0000000000000000E+000  0.2553731755333452E-004
                        0                        6  0.1471833694055468E+003  0.0000000000000000E+000  0.7269887330286616E-005
