                                                                                                                                                                                                                                                                
                        1                        2
                   M_star                   R_star
  0.3182720000000000E+034  0.1748562262877700E+013
                        1                        2                        3                        4                        5
                        l                     n_pg                 Re(freq)                 Im(freq)                   E_norm
                        0                        7  0.1046805340434243E+002  0.0000000000000000E+000  0.3760216325687698E-004
                        0                        8  0.1186676704186231E+002  0.0000000000000000E+000  0.3504163042769668E-004
                        0                        9  0.1332037675686162E+002  0.0000000000000000E+000  0.3573177574366059E-004
                        0                       10  0.1477665524742431E+002  0.0000000000000000E+000  0.3475525832148946E-004
                        0                       11  0.1623791154397215E+002  0.0000000000000000E+000  0.3504581215437308E-004
                        0                       12  0.1770566919470750E+002  0.0000000000000000E+000  0.3524818551901240E-004
                        0                       13  0.1918014757549967E+002  0.0000000000000000E+000  0.3599846383278010E-004
                        0                       14  0.2065743584093669E+002  0.0000000000000000E+000  0.3639877909946021E-004
                        0                       15  0.2213823025981908E+002  0.0000000000000000E+000  0.3715688462379838E-004
                        0                       16  0.2362142700499763E+002  0.0000000000000000E+000  0.3764130840499210E-004
                        0                       17  0.2510553613440312E+002  0.0000000000000000E+000  0.3846773152121422E-004
                        0                       18  0.2659454701306970E+002  0.0000000000000000E+000  0.3910317036966242E-004
                        0                       19  0.2808196074058514E+002  0.0000000000000000E+000  0.3965489510203107E-004
                        0                       20  0.2957263086452695E+002  0.0000000000000000E+000  0.4037198486650029E-004
                        0                       21  0.3106403041637966E+002  0.0000000000000000E+000  0.4085022061141525E-004
                        0                       22  0.3255597015571850E+002  0.0000000000000000E+000  0.4141048263126774E-004
                        0                       23  0.3404958188113540E+002  0.0000000000000000E+000  0.4185641104528129E-004
                        0                       24  0.3554334729975989E+002  0.0000000000000000E+000  0.4223329211181773E-004
                        0                       25  0.3703799576353607E+002  0.0000000000000000E+000  0.4256789434542216E-004
                        0                       26  0.3853311833610459E+002  0.0000000000000000E+000  0.4282443908329564E-004
                        0                       27  0.4002876409546514E+002  0.0000000000000000E+000  0.4302874895758410E-004
                        0                       28  0.4152492863218535E+002  0.0000000000000000E+000  0.4313920449727015E-004
                        0                       29  0.4302113377476203E+002  0.0000000000000000E+000  0.4319102054437896E-004
                        0                       30  0.4451786693821718E+002  0.0000000000000000E+000  0.4317918358700159E-004
                        0                       31  0.4601468756809210E+002  0.0000000000000000E+000  0.4309413712882549E-004
                        0                       32  0.4751192192278392E+002  0.0000000000000000E+000  0.4294039988434366E-004
                        0                       33  0.4900905068336687E+002  0.0000000000000000E+000  0.4271354570329421E-004
                        0                       34  0.5050640220860045E+002  0.0000000000000000E+000  0.4242560520907607E-004
                        0                       35  0.5200378751677023E+002  0.0000000000000000E+000  0.4208760125790617E-004
                        0                       36  0.5350117761238966E+002  0.0000000000000000E+000  0.4166345300217435E-004
                        0                       37  0.5499844050783790E+002  0.0000000000000000E+000  0.4121187777568328E-004
                        0                       38  0.5649568905789729E+002  0.0000000000000000E+000  0.4068949309417827E-004
                        0                       39  0.5799286975911751E+002  0.0000000000000000E+000  0.4014385255915171E-004
                        0                       40  0.5948982912205944E+002  0.0000000000000000E+000  0.3954061223379918E-004
                        0                       41  0.6098669247716890E+002  0.0000000000000000E+000  0.3893295114474247E-004
                        0                       42  0.6248346508773316E+002  0.0000000000000000E+000  0.3826538323206972E-004
                        0                       43  0.6397980272835360E+002  0.0000000000000000E+000  0.3759443391050263E-004
                        0                       44  0.6547612484703365E+002  0.0000000000000000E+000  0.3690150855721041E-004
                        0                       45  0.6697212588818955E+002  0.0000000000000000E+000  0.3617369882700825E-004
                        0                       46  0.6846774007824405E+002  0.0000000000000000E+000  0.3544327410100258E-004
                        0                       47  0.6996323874449121E+002  0.0000000000000000E+000  0.3471350526451835E-004
                        0                       48  0.7145824366289312E+002  0.0000000000000000E+000  0.3396934393262122E-004
                        0                       49  0.7295280989071681E+002  0.0000000000000000E+000  0.3323979484530328E-004
                        0                       50  0.7444713481178240E+002  0.0000000000000000E+000  0.3254563065852255E-004
                        0                       51  0.7594117505378316E+002  0.0000000000000000E+000  0.3185402134387628E-004
                        0                       52  0.7743474222122067E+002  0.0000000000000000E+000  0.3116974219506146E-004
                        0                       53  0.7892794691909442E+002  0.0000000000000000E+000  0.3052506232064688E-004
                        0                       54  0.8042086329827330E+002  0.0000000000000000E+000  0.2992029704222265E-004
                        0                       55  0.8191352373417406E+002  0.0000000000000000E+000  0.2933655484550440E-004
                        0                       56  0.8340591002646329E+002  0.0000000000000000E+000  0.2877990606651083E-004
                        0                       57  0.8489793306195270E+002  0.0000000000000000E+000  0.2824679459396868E-004
                        0                       58  0.8638946324802701E+002  0.0000000000000000E+000  0.2775561671609606E-004
                        0                       59  0.8788063585717940E+002  0.0000000000000000E+000  0.2731000359128432E-004
                        0                       60  0.8937167626984041E+002  0.0000000000000000E+000  0.2691563039342097E-004
                        0                       61  0.9086253755857881E+002  0.0000000000000000E+000  0.2656298621069020E-004
                        0                       62  0.9235323413341840E+002  0.0000000000000000E+000  0.2624861656859751E-004
                        0                       63  0.9384361671228986E+002  0.0000000000000000E+000  0.2597291157540364E-004
                        0                       64  0.9533375762564235E+002  0.0000000000000000E+000  0.2575272301724501E-004
                        0                       65  0.9682384631692491E+002  0.0000000000000000E+000  0.2559798074295029E-004
                        0                       66  0.9831393101991753E+002  0.0000000000000000E+000  0.2549266886574039E-004
                        0                       67  0.9980410143783803E+002  0.0000000000000000E+000  0.2543143514264405E-004
                        0                       68  0.1012944450937451E+003  0.0000000000000000E+000  0.2541945184292748E-004
                        0                       69  0.1027849094133683E+003  0.0000000000000000E+000  0.2545185162668661E-004
                        0                       70  0.1042755847459206E+003  0.0000000000000000E+000  0.2551181678406944E-004
                        0                       71  0.1057663950169055E+003  0.0000000000000000E+000  0.2561322238480095E-004
                        0                       72  0.1072574138262744E+003  0.0000000000000000E+000  0.2575044689270264E-004
                        0                       73  0.1087486266972548E+003  0.0000000000000000E+000  0.2592203263837488E-004
                        0                       74  0.1102400531794631E+003  0.0000000000000000E+000  0.2611572081597218E-004
                        0                       75  0.1117317627450790E+003  0.0000000000000000E+000  0.2634807399076354E-004
                        0                       76  0.1132237741531940E+003  0.0000000000000000E+000  0.2661197286725230E-004
                        0                       77  0.1147160910967311E+003  0.0000000000000000E+000  0.2690686944724438E-004
                        0                       78  0.1162087481378174E+003  0.0000000000000000E+000  0.2721773187690708E-004
                        0                       79  0.1177017770699413E+003  0.0000000000000000E+000  0.2756197482472667E-004
                        0                       80  0.1191951316604419E+003  0.0000000000000000E+000  0.2790963777668929E-004
                        0                       81  0.1206888509641708E+003  0.0000000000000000E+000  0.2826948431661514E-004
                        0                       82  0.1221828660710504E+003  0.0000000000000000E+000  0.2863167050333288E-004
                        0                       83  0.1236772076963587E+003  0.0000000000000000E+000  0.2901611839175209E-004
                        0                       84  0.1251718604410651E+003  0.0000000000000000E+000  0.2938865785420423E-004
                        0                       85  0.1266668006309583E+003  0.0000000000000000E+000  0.2976007220167875E-004
                        0                       86  0.1281620567280420E+003  0.0000000000000000E+000  0.3013600901002003E-004
                        0                       87  0.1296575608464358E+003  0.0000000000000000E+000  0.3052112294491043E-004
                        0                       88  0.1311533597604362E+003  0.0000000000000000E+000  0.3088523054715862E-004
                        0                       89  0.1326493943125464E+003  0.0000000000000000E+000  0.3122225952827157E-004
                        0                       90  0.1341456495698560E+003  0.0000000000000000E+000  0.3154693971994550E-004
                        0                       91  0.1356421194195345E+003  0.0000000000000000E+000  0.3186991450467408E-004
                        0                       92  0.1371388025916155E+003  0.0000000000000000E+000  0.3217623410906834E-004
                        0                       93  0.1386356233767927E+003  0.0000000000000000E+000  0.3245842116849391E-004
                        0                       94  0.1401326224790055E+003  0.0000000000000000E+000  0.3271490801856896E-004
                        0                       95  0.1416297254889550E+003  0.0000000000000000E+000  0.3294112565688660E-004
                        0                       96  0.1431270009428212E+003  0.0000000000000000E+000  0.3314473068009315E-004
                        0                       97  0.1446243531517373E+003  0.0000000000000000E+000  0.3333422296225054E-004
                        0                       98  0.1461218379620888E+003  0.0000000000000000E+000  0.3349745956184997E-004
                        0                       99  0.1476193805392467E+003  0.0000000000000000E+000  0.3361310513999295E-004
                        0                      100  0.1491169606764173E+003  0.0000000000000000E+000  0.3369652163767878E-004
