                                                                                                                                                                                                                                                                
                        1                        2
                   M_star                   R_star
  0.1989200000000000E+034  0.2778100545955243E+012
                        1                        2                        3                        4                        5
                        l                     n_pg                 Re(freq)                 Im(freq)                   E_norm
                        0                        1  0.2630763329751331E+002  0.0000000000000000E+000  0.4398189358378150E-001
                        0                        2  0.4853570849019785E+002  0.0000000000000000E+000  0.2531066671115469E-002
                        0                        3  0.6816061778122697E+002  0.0000000000000000E+000  0.3532381983496497E-003
                        0                        4  0.8690157294921536E+002  0.0000000000000000E+000  0.7751552536042940E-004
                        0                        5  0.1052511170059728E+003  0.0000000000000000E+000  0.1840257777344349E-004
                        0                        6  0.1220022292979424E+003  0.0000000000000000E+000  0.5637958098941313E-005
                        0                        7  0.1384370088250310E+003  0.0000000000000000E+000  0.2832585997793193E-005
