                                                                                                                                                                                                                                                                
                        1                        2
                   M_star                   R_star
  0.3182720000000000E+034  0.2201620163260331E+013
                        1                        2                        3                        4                        5
                        l                     n_pg                 Re(freq)                 Im(freq)                   E_norm
                        0                       10  0.1046552977394333E+002  0.0000000000000000E+000  0.5857725824302643E-004
                        0                       11  0.1151181726539775E+002  0.0000000000000000E+000  0.5933695246026031E-004
                        0                       12  0.1256085617978151E+002  0.0000000000000000E+000  0.6097893921895056E-004
                        0                       13  0.1361378573947652E+002  0.0000000000000000E+000  0.6177953859572708E-004
                        0                       14  0.1466904267446179E+002  0.0000000000000000E+000  0.6323006660645915E-004
                        0                       15  0.1572551963493000E+002  0.0000000000000000E+000  0.6403982699458291E-004
                        0                       16  0.1678411363517054E+002  0.0000000000000000E+000  0.6553559074446562E-004
                        0                       17  0.1784531154614907E+002  0.0000000000000000E+000  0.6611771525488012E-004
                        0                       18  0.1890519998729805E+002  0.0000000000000000E+000  0.6693190245702137E-004
                        0                       19  0.1996838008645559E+002  0.0000000000000000E+000  0.6747870369875884E-004
                        0                       20  0.2103044458412769E+002  0.0000000000000000E+000  0.6774643887651320E-004
                        0                       21  0.2209439673563477E+002  0.0000000000000000E+000  0.6795417034130158E-004
                        0                       22  0.2315811259150030E+002  0.0000000000000000E+000  0.6775500315364385E-004
                        0                       23  0.2422234488616294E+002  0.0000000000000000E+000  0.6750123512226984E-004
                        0                       24  0.2528692951013285E+002  0.0000000000000000E+000  0.6696944807849037E-004
                        0                       25  0.2635168331145870E+002  0.0000000000000000E+000  0.6625772530347528E-004
                        0                       26  0.2741644508662393E+002  0.0000000000000000E+000  0.6529718992559262E-004
                        0                       27  0.2848117521553991E+002  0.0000000000000000E+000  0.6422566867912916E-004
                        0                       28  0.2954588427062977E+002  0.0000000000000000E+000  0.6295713081091988E-004
                        0                       29  0.3061051022290981E+002  0.0000000000000000E+000  0.6155254934397631E-004
                        0                       30  0.3167472909372038E+002  0.0000000000000000E+000  0.6000751923721443E-004
                        0                       31  0.3273873155833736E+002  0.0000000000000000E+000  0.5841145536906760E-004
                        0                       32  0.3380249466963319E+002  0.0000000000000000E+000  0.5672980489675051E-004
                        0                       33  0.3486581611411574E+002  0.0000000000000000E+000  0.5497333407965469E-004
                        0                       34  0.3592872235663664E+002  0.0000000000000000E+000  0.5321615298764990E-004
                        0                       35  0.3699107828876298E+002  0.0000000000000000E+000  0.5142595186712538E-004
                        0                       36  0.3805300111786231E+002  0.0000000000000000E+000  0.4968068517630314E-004
                        0                       37  0.3911422884288271E+002  0.0000000000000000E+000  0.4796037287925312E-004
                        0                       38  0.4017501569578021E+002  0.0000000000000000E+000  0.4630586247848063E-004
                        0                       39  0.4123495543722220E+002  0.0000000000000000E+000  0.4474866597830291E-004
                        0                       40  0.4229459033582508E+002  0.0000000000000000E+000  0.4329710586501471E-004
                        0                       41  0.4335346463704841E+002  0.0000000000000000E+000  0.4193766856200255E-004
                        0                       42  0.4441183699250882E+002  0.0000000000000000E+000  0.4072889052356039E-004
                        0                       43  0.4546975470591840E+002  0.0000000000000000E+000  0.3963687423888224E-004
                        0                       44  0.4652708204020742E+002  0.0000000000000000E+000  0.3869861291854992E-004
                        0                       45  0.4758411301976039E+002  0.0000000000000000E+000  0.3792434619080615E-004
                        0                       46  0.4864079127368694E+002  0.0000000000000000E+000  0.3730129751093145E-004
                        0                       47  0.4969719000102765E+002  0.0000000000000000E+000  0.3684693651666420E-004
                        0                       48  0.5075361661496365E+002  0.0000000000000000E+000  0.3657920810526560E-004
                        0                       49  0.5181011873141632E+002  0.0000000000000000E+000  0.3645102928734097E-004
                        0                       50  0.5286677182678041E+002  0.0000000000000000E+000  0.3647221226689570E-004
                        0                       51  0.5392362855033831E+002  0.0000000000000000E+000  0.3662751355353932E-004
                        0                       52  0.5498069556642137E+002  0.0000000000000000E+000  0.3691924858018408E-004
                        0                       53  0.5603812159975178E+002  0.0000000000000000E+000  0.3735117344083648E-004
                        0                       54  0.5709615164207360E+002  0.0000000000000000E+000  0.3790749897965554E-004
                        0                       55  0.5815470291075243E+002  0.0000000000000000E+000  0.3854907257999906E-004
                        0                       56  0.5921363311624059E+002  0.0000000000000000E+000  0.3927279037964489E-004
                        0                       57  0.6027308243614635E+002  0.0000000000000000E+000  0.4009858588211138E-004
                        0                       58  0.6133320317152198E+002  0.0000000000000000E+000  0.4101119139176964E-004
                        0                       59  0.6239402650974694E+002  0.0000000000000000E+000  0.4197350673235645E-004
                        0                       60  0.6345549160462980E+002  0.0000000000000000E+000  0.4295545770882095E-004
                        0                       61  0.6451752982010164E+002  0.0000000000000000E+000  0.4393786866925438E-004
                        0                       62  0.6558012573323650E+002  0.0000000000000000E+000  0.4490062454874782E-004
                        0                       63  0.6664308207248052E+002  0.0000000000000000E+000  0.4581588638228118E-004
                        0                       64  0.6770646136032040E+002  0.0000000000000000E+000  0.4671207587412019E-004
                        0                       65  0.6877017549010421E+002  0.0000000000000000E+000  0.4756488413712277E-004
                        0                       66  0.6983425442919962E+002  0.0000000000000000E+000  0.4836869953758658E-004
                        0                       67  0.7089866335511856E+002  0.0000000000000000E+000  0.4911622558062403E-004
                        0                       68  0.7196335415165888E+002  0.0000000000000000E+000  0.4976988684564604E-004
                        0                       69  0.7302828781851802E+002  0.0000000000000000E+000  0.5033487752133437E-004
                        0                       70  0.7409341390256971E+002  0.0000000000000000E+000  0.5082054456975429E-004
                        0                       71  0.7515868434381237E+002  0.0000000000000000E+000  0.5117853566010587E-004
                        0                       72  0.7622401451197520E+002  0.0000000000000000E+000  0.5144109645224812E-004
                        0                       73  0.7728942991275120E+002  0.0000000000000000E+000  0.5161527434290890E-004
                        0                       74  0.7835484742346711E+002  0.0000000000000000E+000  0.5166165031125170E-004
                        0                       75  0.7942027881116874E+002  0.0000000000000000E+000  0.5161671101135225E-004
                        0                       76  0.8048562839702336E+002  0.0000000000000000E+000  0.5146836149249925E-004
                        0                       77  0.8155094003578482E+002  0.0000000000000000E+000  0.5124757396385446E-004
                        0                       78  0.8261612405498811E+002  0.0000000000000000E+000  0.5092169842293740E-004
                        0                       79  0.8368116127278032E+002  0.0000000000000000E+000  0.5050554742046848E-004
                        0                       80  0.8474598672144919E+002  0.0000000000000000E+000  0.5001123011643537E-004
                        0                       81  0.8581064197563569E+002  0.0000000000000000E+000  0.4947337860495821E-004
                        0                       82  0.8687502773662673E+002  0.0000000000000000E+000  0.4887561490705097E-004
                        0                       83  0.8793918358312222E+002  0.0000000000000000E+000  0.4823162195140620E-004
                        0                       84  0.8900303461277680E+002  0.0000000000000000E+000  0.4754132582207119E-004
                        0                       85  0.9006662728519052E+002  0.0000000000000000E+000  0.4685139676603392E-004
                        0                       86  0.9112991096413236E+002  0.0000000000000000E+000  0.4613129587393411E-004
                        0                       87  0.9219287515760111E+002  0.0000000000000000E+000  0.4541455091646021E-004
                        0                       88  0.9325552871305214E+002  0.0000000000000000E+000  0.4471978840845568E-004
                        0                       89  0.9431787196708071E+002  0.0000000000000000E+000  0.4404558049083977E-004
                        0                       90  0.9537993646080103E+002  0.0000000000000000E+000  0.4338229871282922E-004
                        0                       91  0.9644166611757377E+002  0.0000000000000000E+000  0.4275577046899421E-004
                        0                       92  0.9750317283528476E+002  0.0000000000000000E+000  0.4220476469380980E-004
                        0                       93  0.9856436376545582E+002  0.0000000000000000E+000  0.4169778531234845E-004
                        0                       94  0.9962538160660048E+002  0.0000000000000000E+000  0.4124632459077945E-004
                        0                       95  0.1006861756779803E+003  0.0000000000000000E+000  0.4084900803162428E-004
                        0                       96  0.1017468553408337E+003  0.0000000000000000E+000  0.4053700103670555E-004
                        0                       97  0.1028073790416130E+003  0.0000000000000000E+000  0.4028101257800959E-004
                        0                       98  0.1038678222918679E+003  0.0000000000000000E+000  0.4011272987810420E-004
                        0                       99  0.1049282047901611E+003  0.0000000000000000E+000  0.4000000611708326E-004
                        0                      100  0.1059885658971521E+003  0.0000000000000000E+000  0.3996545088421061E-004
                        0                      101  0.1070489800258943E+003  0.0000000000000000E+000  0.3999390351069314E-004
                        0                      102  0.1081094773757444E+003  0.0000000000000000E+000  0.4012027958842210E-004
                        0                      103  0.1091701142235875E+003  0.0000000000000000E+000  0.4030485434849474E-004
                        0                      104  0.1102309011564168E+003  0.0000000000000000E+000  0.4053426168883944E-004
                        0                      105  0.1112919041543949E+003  0.0000000000000000E+000  0.4082654055217654E-004
                        0                      106  0.1123531343343593E+003  0.0000000000000000E+000  0.4117567162079187E-004
                        0                      107  0.1134145899015200E+003  0.0000000000000000E+000  0.4157221450548649E-004
                        0                      108  0.1144763057301917E+003  0.0000000000000000E+000  0.4197862321885941E-004
                        0                      109  0.1155382689364821E+003  0.0000000000000000E+000  0.4243257993665752E-004
                        0                      110  0.1166005183608009E+003  0.0000000000000000E+000  0.4290018630733320E-004
                        0                      111  0.1176629891815186E+003  0.0000000000000000E+000  0.4338809905057705E-004
                        0                      112  0.1187257384014404E+003  0.0000000000000000E+000  0.4386765591117411E-004
                        0                      113  0.1197887335326320E+003  0.0000000000000000E+000  0.4436914919547776E-004
                        0                      114  0.1208519688256193E+003  0.0000000000000000E+000  0.4483130609218750E-004
                        0                      115  0.1219154277801613E+003  0.0000000000000000E+000  0.4530539166268017E-004
                        0                      116  0.1229790713451735E+003  0.0000000000000000E+000  0.4573713362279917E-004
                        0                      117  0.1240429308029008E+003  0.0000000000000000E+000  0.4617486904039623E-004
                        0                      118  0.1251069411393398E+003  0.0000000000000000E+000  0.4652270460388819E-004
                        0                      119  0.1261711039150991E+003  0.0000000000000000E+000  0.4688814802528166E-004
                        0                      120  0.1272353978917551E+003  0.0000000000000000E+000  0.4717471000603754E-004
                        0                      121  0.1282997633721765E+003  0.0000000000000000E+000  0.4743578300400570E-004
                        0                      122  0.1293642653906722E+003  0.0000000000000000E+000  0.4761892874233476E-004
                        0                      123  0.1304287696733690E+003  0.0000000000000000E+000  0.4780328749351966E-004
                        0                      124  0.1314933801654012E+003  0.0000000000000000E+000  0.4787703676157943E-004
                        0                      125  0.1325579385708445E+003  0.0000000000000000E+000  0.4791129036086664E-004
                        0                      126  0.1336225797654404E+003  0.0000000000000000E+000  0.4789539099927537E-004
                        0                      127  0.1346871368251139E+003  0.0000000000000000E+000  0.4786350213333455E-004
                        0                      128  0.1357516802256534E+003  0.0000000000000000E+000  0.4772642753873517E-004
                        0                      129  0.1368161710708900E+003  0.0000000000000000E+000  0.4757071559318677E-004
                        0                      130  0.1378805722119687E+003  0.0000000000000000E+000  0.4735646965117744E-004
                        0                      131  0.1389448866850121E+003  0.0000000000000000E+000  0.4711049443411851E-004
                        0                      132  0.1400090375227637E+003  0.0000000000000000E+000  0.4686691232234112E-004
                        0                      133  0.1410731170352641E+003  0.0000000000000000E+000  0.4656298383988596E-004
                        0                      134  0.1421369822416189E+003  0.0000000000000000E+000  0.4620750322430200E-004
                        0                      135  0.1432007726757826E+003  0.0000000000000000E+000  0.4589350046661782E-004
                        0                      136  0.1442642996299644E+003  0.0000000000000000E+000  0.4551722928883000E-004
                        0                      137  0.1453277396720530E+003  0.0000000000000000E+000  0.4519080634964436E-004
                        0                      138  0.1463909902553449E+003  0.0000000000000000E+000  0.4482226098684071E-004
                        0                      139  0.1474540814522057E+003  0.0000000000000000E+000  0.4443407113110344E-004
                        0                      140  0.1485170201187727E+003  0.0000000000000000E+000  0.4409720655202516E-004
                        0                      141  0.1495798183300776E+003  0.0000000000000000E+000  0.4378269257199203E-004
