                                                                                                                                                                                                                                                                
                        1                        2
                   M_star                   R_star
  0.1591360000000000E+034  0.2773698813259771E+012
                        1                        2                        3                        4                        5
                        l                     n_pg                 Re(freq)                 Im(freq)                   E_norm
                        0                        1  0.2427969557371706E+002  0.0000000000000000E+000  0.3453550039188213E-001
                        0                        2  0.4402381101398902E+002  0.0000000000000000E+000  0.1953696896647878E-002
                        0                        3  0.6176366071055357E+002  0.0000000000000000E+000  0.2481509249918751E-003
                        0                        4  0.7853387922114970E+002  0.0000000000000000E+000  0.4110932670226447E-004
                        0                        5  0.9360639593842646E+002  0.0000000000000000E+000  0.9905950166879817E-005
                        0                        6  0.1083152216598924E+003  0.0000000000000000E+000  0.4150748967148717E-005
                        0                        7  0.1232156004979644E+003  0.0000000000000000E+000  0.2088393470406998E-005
                        0                        8  0.1378715466530206E+003  0.0000000000000000E+000  0.1403245881678481E-005
