                                                                                                                                                                                                                                                                
                        1                        2
                   M_star                   R_star
  0.2387040000000000E+034  0.2207143265405331E+012
                        1                        2                        3                        4                        5
                        l                     n_pg                 Re(freq)                 Im(freq)                   E_norm
                        0                        1  0.4004999161314206E+002  0.0000000000000000E+000  0.5209906638868413E-001
                        0                        2  0.7463380943867642E+002  0.0000000000000000E+000  0.3632595663095057E-002
                        0                        3  0.1061469795838962E+003  0.0000000000000000E+000  0.5759986216198701E-003
                        0                        4  0.1361037552131088E+003  0.0000000000000000E+000  0.1286749178298829E-003
