                                                                                                                                                                                                                                                                
                        1                        2
                   M_star                   R_star
  0.3182720000000000E+034  0.2778649727143673E+012
                        1                        2                        3                        4                        5
                        l                     n_pg                 Re(freq)                 Im(freq)                   E_norm
                        0                        1  0.5646777891478196E+002  0.0000000000000000E+000  0.1727476191102465E-004
                        0                        2  0.7294625888646705E+002  0.0000000000000000E+000  0.2287435753602121E-005
                        0                        3  0.9081853204137788E+002  0.0000000000000000E+000  0.4917274735738624E-006
                        0                        4  0.1088148609121787E+003  0.0000000000000000E+000  0.1433879117095953E-006
                        0                        5  0.1263508434628146E+003  0.0000000000000000E+000  0.6498037162700934E-007
                        0                        6  0.1445255997746990E+003  0.0000000000000000E+000  0.4379291665521314E-007
