                                                                                                                                                                                                                                                                
                        1                        2
                   M_star                   R_star
  0.1989200000000000E+034  0.2206571956014088E+012
                        1                        2                        3                        4                        5
                        l                     n_pg                 Re(freq)                 Im(freq)                   E_norm
                        0                        1  0.3696874401516761E+002  0.0000000000000000E+000  0.4743403234205988E-001
                        0                        2  0.6850051325138830E+002  0.0000000000000000E+000  0.3089640189253723E-002
                        0                        3  0.9703785026211861E+002  0.0000000000000000E+000  0.4585482461975251E-003
                        0                        4  0.1242118460331902E+003  0.0000000000000000E+000  0.9742527239874193E-004
