                                                                                                                                                                                                                                                                
                        1                        2
                   M_star                   R_star
  0.3182720000000000E+034  0.2777955048343737E+012
                        1                        2                        3                        4                        5
                        l                     n_pg                 Re(freq)                 Im(freq)                   E_norm
                        0                        1  0.3328062508017015E+002  0.0000000000000000E+000  0.4675361671120257E-001
                        0                        2  0.6126565997923998E+002  0.0000000000000000E+000  0.3493127290526928E-002
                        0                        3  0.8676818797099867E+002  0.0000000000000000E+000  0.5864314554698653E-003
                        0                        4  0.1108768100336084E+003  0.0000000000000000E+000  0.1388609940038525E-003
                        0                        5  0.1343394103820191E+003  0.0000000000000000E+000  0.3866745276584238E-004
