                                                                                                                                                                                                                                                                
                        1                        2
                   M_star                   R_star
  0.1989200000000000E+034  0.2204418505350457E+012
                        1                        2                        3                        4                        5
                        l                     n_pg                 Re(freq)                 Im(freq)                   E_norm
                        0                        1  0.4932462705032816E+002  0.0000000000000000E+000  0.9101452659315218E-003
                        0                        2  0.7766355201278095E+002  0.0000000000000000E+000  0.1274605782153742E-003
                        0                        3  0.1025573158639178E+003  0.0000000000000000E+000  0.2476350740140550E-004
                        0                        4  0.1272233661723718E+003  0.0000000000000000E+000  0.7507359149973801E-005
