                                                                                                                                                                                                                                                                
                        1                        2
                   M_star                   R_star
  0.2784880000000000E+034  0.2772553128100010E+012
                        1                        2                        3                        4                        5
                        l                     n_pg                 Re(freq)                 Im(freq)                   E_norm
                        0                        1  0.4568550030195415E+002  0.0000000000000000E+000  0.1585743126032043E-003
                        0                        2  0.6490374322539245E+002  0.0000000000000000E+000  0.3938201230459119E-004
                        0                        3  0.8529373427251898E+002  0.0000000000000000E+000  0.9549629017994861E-005
                        0                        4  0.1045318266923518E+003  0.0000000000000000E+000  0.3058288800217540E-005
                        0                        5  0.1238255392687117E+003  0.0000000000000000E+000  0.1514815911249138E-005
                        0                        6  0.1436965895678603E+003  0.0000000000000000E+000  0.8778566934168479E-006
