                                                                                                                                                                                                                                                                
                        1                        2
                   M_star                   R_star
  0.1989200000000000E+034  0.1748257536282340E+013
                        1                        2                        3                        4                        5
                        l                     n_pg                 Re(freq)                 Im(freq)                   E_norm
                        0                        9  0.1052572778224949E+002  0.0000000000000000E+000  0.5050213258927171E-004
                        0                       10  0.1169644179532199E+002  0.0000000000000000E+000  0.5124637291080046E-004
                        0                       11  0.1287320658871045E+002  0.0000000000000000E+000  0.5201206896167997E-004
                        0                       12  0.1405252876829196E+002  0.0000000000000000E+000  0.5309781971267159E-004
                        0                       13  0.1523659050014686E+002  0.0000000000000000E+000  0.5360098870354403E-004
                        0                       14  0.1642385274852682E+002  0.0000000000000000E+000  0.5432223232620555E-004
                        0                       15  0.1761097141016316E+002  0.0000000000000000E+000  0.5438103510142435E-004
                        0                       16  0.1880219679068980E+002  0.0000000000000000E+000  0.5449250596052740E-004
                        0                       17  0.1999224674311755E+002  0.0000000000000000E+000  0.5402954925380554E-004
                        0                       18  0.2118475708722050E+002  0.0000000000000000E+000  0.5347005739118417E-004
                        0                       19  0.2237643596790917E+002  0.0000000000000000E+000  0.5249261381229267E-004
                        0                       20  0.2356935430365353E+002  0.0000000000000000E+000  0.5135720444778904E-004
                        0                       21  0.2476159108569281E+002  0.0000000000000000E+000  0.4992291436583600E-004
                        0                       22  0.2595394847499939E+002  0.0000000000000000E+000  0.4831763458237490E-004
                        0                       23  0.2714573971107820E+002  0.0000000000000000E+000  0.4656805416686407E-004
                        0                       24  0.2833705914259247E+002  0.0000000000000000E+000  0.4466559727003256E-004
                        0                       25  0.2952745826725926E+002  0.0000000000000000E+000  0.4271963089694892E-004
                        0                       26  0.3071693739461764E+002  0.0000000000000000E+000  0.4074136619882423E-004
                        0                       27  0.3190542318235431E+002  0.0000000000000000E+000  0.3879207604683291E-004
                        0                       28  0.3309254715104942E+002  0.0000000000000000E+000  0.3692112637370375E-004
                        0                       29  0.3427870577767596E+002  0.0000000000000000E+000  0.3515335204146197E-004
                        0                       30  0.3546346644631402E+002  0.0000000000000000E+000  0.3352176959088670E-004
                        0                       31  0.3664700031959050E+002  0.0000000000000000E+000  0.3206318895529620E-004
                        0                       32  0.3782935893302361E+002  0.0000000000000000E+000  0.3079993439749011E-004
                        0                       33  0.3901076919245120E+002  0.0000000000000000E+000  0.2974772361724601E-004
                        0                       34  0.4019115826037369E+002  0.0000000000000000E+000  0.2893175543897307E-004
                        0                       35  0.4137116602061593E+002  0.0000000000000000E+000  0.2835452819274849E-004
                        0                       36  0.4255092182274528E+002  0.0000000000000000E+000  0.2800512690414718E-004
                        0                       37  0.4373058942172623E+002  0.0000000000000000E+000  0.2789814833136614E-004
                        0                       38  0.4491088575613217E+002  0.0000000000000000E+000  0.2799043750646637E-004
                        0                       39  0.4609149307878755E+002  0.0000000000000000E+000  0.2829774976203348E-004
                        0                       40  0.4727317816565526E+002  0.0000000000000000E+000  0.2879083910620003E-004
                        0                       41  0.4845574604902519E+002  0.0000000000000000E+000  0.2944934131150274E-004
                        0                       42  0.4963965522134020E+002  0.0000000000000000E+000  0.3025904609114437E-004
                        0                       43  0.5082483225297146E+002  0.0000000000000000E+000  0.3116070096561320E-004
                        0                       44  0.5201122527946081E+002  0.0000000000000000E+000  0.3214543076473747E-004
                        0                       45  0.5319897535811208E+002  0.0000000000000000E+000  0.3316560022355686E-004
                        0                       46  0.5438775183484638E+002  0.0000000000000000E+000  0.3417060584106643E-004
                        0                       47  0.5557742847097420E+002  0.0000000000000000E+000  0.3515778045671664E-004
                        0                       48  0.5676791093189783E+002  0.0000000000000000E+000  0.3614028359781638E-004
                        0                       49  0.5795949301830475E+002  0.0000000000000000E+000  0.3705952881049656E-004
                        0                       50  0.5915180936293737E+002  0.0000000000000000E+000  0.3785130475654951E-004
                        0                       51  0.6034449221444903E+002  0.0000000000000000E+000  0.3853071657683305E-004
                        0                       52  0.6153765990895503E+002  0.0000000000000000E+000  0.3912465643285593E-004
                        0                       53  0.6273140289465443E+002  0.0000000000000000E+000  0.3956780840872846E-004
                        0                       54  0.6392544622269251E+002  0.0000000000000000E+000  0.3983832234666680E-004
                        0                       55  0.6511957292614127E+002  0.0000000000000000E+000  0.3993504619350970E-004
                        0                       56  0.6631357301532617E+002  0.0000000000000000E+000  0.3986025442959876E-004
                        0                       57  0.6750731206440257E+002  0.0000000000000000E+000  0.3965020356047809E-004
                        0                       58  0.6870079063421623E+002  0.0000000000000000E+000  0.3931617022647411E-004
                        0                       59  0.6989402312886919E+002  0.0000000000000000E+000  0.3887521278821676E-004
                        0                       60  0.7108692601931749E+002  0.0000000000000000E+000  0.3833499547960305E-004
                        0                       61  0.7227939978703128E+002  0.0000000000000000E+000  0.3769805111497285E-004
                        0                       62  0.7347138971387255E+002  0.0000000000000000E+000  0.3699770918425812E-004
                        0                       63  0.7466274953786979E+002  0.0000000000000000E+000  0.3624590676489327E-004
                        0                       64  0.7585345813414968E+002  0.0000000000000000E+000  0.3546786922839473E-004
                        0                       65  0.7704347626628666E+002  0.0000000000000000E+000  0.3469113995458910E-004
                        0                       66  0.7823280741456517E+002  0.0000000000000000E+000  0.3392603713755519E-004
                        0                       67  0.7942146653951025E+002  0.0000000000000000E+000  0.3320568348742787E-004
                        0                       68  0.8060952858698401E+002  0.0000000000000000E+000  0.3253756207087754E-004
                        0                       69  0.8179696512109497E+002  0.0000000000000000E+000  0.3193693584377053E-004
                        0                       70  0.8298389512340562E+002  0.0000000000000000E+000  0.3142156603448617E-004
                        0                       71  0.8417035355283170E+002  0.0000000000000000E+000  0.3100327365302086E-004
                        0                       72  0.8535648254381343E+002  0.0000000000000000E+000  0.3068584936107679E-004
                        0                       73  0.8654239696483555E+002  0.0000000000000000E+000  0.3047810194957074E-004
                        0                       74  0.8772822885371670E+002  0.0000000000000000E+000  0.3037112966176314E-004
                        0                       75  0.8891411117328586E+002  0.0000000000000000E+000  0.3037599857321452E-004
                        0                       76  0.9010015218709900E+002  0.0000000000000000E+000  0.3047824914918458E-004
                        0                       77  0.9128647966078245E+002  0.0000000000000000E+000  0.3068346247889682E-004
                        0                       78  0.9247316306246670E+002  0.0000000000000000E+000  0.3097295592425271E-004
                        0                       79  0.9366027925184831E+002  0.0000000000000000E+000  0.3134689806991585E-004
                        0                       80  0.9484791656421881E+002  0.0000000000000000E+000  0.3178577449041619E-004
                        0                       81  0.9603613019266677E+002  0.0000000000000000E+000  0.3226808108399336E-004
                        0                       82  0.9722490292757061E+002  0.0000000000000000E+000  0.3278132209753510E-004
                        0                       83  0.9841426080579834E+002  0.0000000000000000E+000  0.3331238048986234E-004
                        0                       84  0.9960414937336841E+002  0.0000000000000000E+000  0.3385542039107266E-004
                        0                       85  0.1007945684489942E+003  0.0000000000000000E+000  0.3439186320026926E-004
                        0                       86  0.1019854529100126E+003  0.0000000000000000E+000  0.3490005864747314E-004
                        0                       87  0.1031767746181331E+003  0.0000000000000000E+000  0.3536736792707792E-004
                        0                       88  0.1043685014335647E+003  0.0000000000000000E+000  0.3577747301291628E-004
                        0                       89  0.1055605212791216E+003  0.0000000000000000E+000  0.3612492952366199E-004
                        0                       90  0.1067527912583943E+003  0.0000000000000000E+000  0.3641254142142557E-004
                        0                       91  0.1079451958290982E+003  0.0000000000000000E+000  0.3662780633786466E-004
                        0                       92  0.1091377421456041E+003  0.0000000000000000E+000  0.3678023422185966E-004
                        0                       93  0.1103303706507598E+003  0.0000000000000000E+000  0.3684320256271365E-004
                        0                       94  0.1115230101653975E+003  0.0000000000000000E+000  0.3683553007243052E-004
                        0                       95  0.1127155992017041E+003  0.0000000000000000E+000  0.3674084087233496E-004
                        0                       96  0.1139080394888232E+003  0.0000000000000000E+000  0.3656810075933273E-004
                        0                       97  0.1151003034124807E+003  0.0000000000000000E+000  0.3632958885360073E-004
                        0                       98  0.1162923260372968E+003  0.0000000000000000E+000  0.3603813780157946E-004
                        0                       99  0.1174840648176477E+003  0.0000000000000000E+000  0.3571045411836269E-004
                        0                      100  0.1186754952785291E+003  0.0000000000000000E+000  0.3534679629558744E-004
                        0                      101  0.1198665936152861E+003  0.0000000000000000E+000  0.3495232544703869E-004
                        0                      102  0.1210573294342886E+003  0.0000000000000000E+000  0.3455787213978328E-004
                        0                      103  0.1222477471510249E+003  0.0000000000000000E+000  0.3415076450564488E-004
                        0                      104  0.1234377686293283E+003  0.0000000000000000E+000  0.3375160568740553E-004
                        0                      105  0.1246274797880929E+003  0.0000000000000000E+000  0.3336077397475057E-004
                        0                      106  0.1258168032494993E+003  0.0000000000000000E+000  0.3300172798701194E-004
                        0                      107  0.1270058311203106E+003  0.0000000000000000E+000  0.3270389678952058E-004
                        0                      108  0.1281945734658474E+003  0.0000000000000000E+000  0.3243319607636626E-004
                        0                      109  0.1293831168366902E+003  0.0000000000000000E+000  0.3221432204689949E-004
                        0                      110  0.1305714833544641E+003  0.0000000000000000E+000  0.3203713201854602E-004
                        0                      111  0.1317597846985859E+003  0.0000000000000000E+000  0.3192597079563782E-004
                        0                      112  0.1329479982751498E+003  0.0000000000000000E+000  0.3188763879546572E-004
                        0                      113  0.1341363008302995E+003  0.0000000000000000E+000  0.3189399639138891E-004
                        0                      114  0.1353246448318100E+003  0.0000000000000000E+000  0.3195056069788733E-004
                        0                      115  0.1365131768957359E+003  0.0000000000000000E+000  0.3206102750697305E-004
                        0                      116  0.1377018865669091E+003  0.0000000000000000E+000  0.3221584652913428E-004
                        0                      117  0.1388908104935160E+003  0.0000000000000000E+000  0.3244680642393212E-004
                        0                      118  0.1400799898203149E+003  0.0000000000000000E+000  0.3269122864367453E-004
                        0                      119  0.1412694778624050E+003  0.0000000000000000E+000  0.3297104512012493E-004
                        0                      120  0.1424592548408308E+003  0.0000000000000000E+000  0.3325420245618779E-004
                        0                      121  0.1436493812258138E+003  0.0000000000000000E+000  0.3353532604085830E-004
                        0                      122  0.1448397809541796E+003  0.0000000000000000E+000  0.3384407099985351E-004
                        0                      123  0.1460304974159535E+003  0.0000000000000000E+000  0.3413205293010375E-004
                        0                      124  0.1472214964103240E+003  0.0000000000000000E+000  0.3442244456360841E-004
                        0                      125  0.1484127281770158E+003  0.0000000000000000E+000  0.3469129950935799E-004
                        0                      126  0.1496042361308848E+003  0.0000000000000000E+000  0.3492219321876779E-004
