                                                                                                                                                                                                                                                                
                        1                        2
                   M_star                   R_star
  0.1989200000000000E+034  0.2201207549483949E+012
                        1                        2                        3                        4                        5
                        l                     n_pg                 Re(freq)                 Im(freq)                   E_norm
                        0                        1  0.3690792142471390E+002  0.0000000000000000E+000  0.4931615822904715E-001
                        0                        2  0.6859987834487154E+002  0.0000000000000000E+000  0.3221661405789591E-002
                        0                        3  0.9733814721310465E+002  0.0000000000000000E+000  0.4773394672146070E-003
                        0                        4  0.1247226486585907E+003  0.0000000000000000E+000  0.9867389440367988E-004
