                                                                                                                                                                                                                                                                
                        1                        2
                   M_star                   R_star
  0.2784880000000000E+034  0.2776462085804912E+012
                        1                        2                        3                        4                        5
                        l                     n_pg                 Re(freq)                 Im(freq)                   E_norm
                        0                        1  0.4900697543412524E+002  0.0000000000000000E+000  0.4494182003334899E-004
                        0                        2  0.6540864525528438E+002  0.0000000000000000E+000  0.1070882260855993E-004
                        0                        3  0.8382593800454745E+002  0.0000000000000000E+000  0.3779621321541722E-005
                        0                        4  0.1029138170328219E+003  0.0000000000000000E+000  0.1426966839172329E-005
                        0                        5  0.1214287173643343E+003  0.0000000000000000E+000  0.6934263179772442E-006
                        0                        6  0.1402547208203465E+003  0.0000000000000000E+000  0.4809943816577077E-006
