                                                                                                                                                                                                                                                                
                        1                        2
                   M_star                   R_star
  0.3182720000000000E+034  0.2201088066443203E+013
                        1                        2                        3                        4                        5
                        l                     n_pg                 Re(freq)                 Im(freq)                   E_norm
                        0                       10  0.1042939859773766E+002  0.0000000000000000E+000  0.5313265747663426E-004
                        0                       11  0.1147159502229529E+002  0.0000000000000000E+000  0.5421561763091994E-004
                        0                       12  0.1251920910726490E+002  0.0000000000000000E+000  0.5508592011316490E-004
                        0                       13  0.1356590979042325E+002  0.0000000000000000E+000  0.5594693714758681E-004
                        0                       14  0.1461951518828925E+002  0.0000000000000000E+000  0.5696218851858726E-004
                        0                       15  0.1567125807919579E+002  0.0000000000000000E+000  0.5767030198166528E-004
                        0                       16  0.1672831135077726E+002  0.0000000000000000E+000  0.5838286974838055E-004
                        0                       17  0.1778361718447532E+002  0.0000000000000000E+000  0.5857024666141778E-004
                        0                       18  0.1884179592943293E+002  0.0000000000000000E+000  0.5894836722125937E-004
                        0                       19  0.1990006649882881E+002  0.0000000000000000E+000  0.5869411541104599E-004
                        0                       20  0.2095890525489048E+002  0.0000000000000000E+000  0.5850416230841411E-004
                        0                       21  0.2201853136649185E+002  0.0000000000000000E+000  0.5788722547392640E-004
                        0                       22  0.2307801676595946E+002  0.0000000000000000E+000  0.5715388031938550E-004
                        0                       23  0.2413805377256016E+002  0.0000000000000000E+000  0.5617180365069267E-004
                        0                       24  0.2519794297847199E+002  0.0000000000000000E+000  0.5497495864801462E-004
                        0                       25  0.2625773852798591E+002  0.0000000000000000E+000  0.5361863465443752E-004
                        0                       26  0.2731733670573403E+002  0.0000000000000000E+000  0.5212021748230469E-004
                        0                       27  0.2837675555621506E+002  0.0000000000000000E+000  0.5048731166437728E-004
                        0                       28  0.2943557197837135E+002  0.0000000000000000E+000  0.4874799333086700E-004
                        0                       29  0.3049399007557212E+002  0.0000000000000000E+000  0.4697629766531086E-004
                        0                       30  0.3155178390125251E+002  0.0000000000000000E+000  0.4517105776790094E-004
                        0                       31  0.3260902837577969E+002  0.0000000000000000E+000  0.4336424886473599E-004
                        0                       32  0.3366545497145267E+002  0.0000000000000000E+000  0.4158904388944985E-004
                        0                       33  0.3472119271808337E+002  0.0000000000000000E+000  0.3986910542110166E-004
                        0                       34  0.3577614241653657E+002  0.0000000000000000E+000  0.3823389067717874E-004
                        0                       35  0.3683013042693265E+002  0.0000000000000000E+000  0.3670309860688546E-004
                        0                       36  0.3788343614859512E+002  0.0000000000000000E+000  0.3531561921298445E-004
                        0                       37  0.3893589107348659E+002  0.0000000000000000E+000  0.3407868885873094E-004
                        0                       38  0.3998771215104006E+002  0.0000000000000000E+000  0.3299480478392860E-004
                        0                       39  0.4103882647825635E+002  0.0000000000000000E+000  0.3210874910725347E-004
                        0                       40  0.4208964247443373E+002  0.0000000000000000E+000  0.3138103772956005E-004
                        0                       41  0.4313987378886515E+002  0.0000000000000000E+000  0.3084300682100567E-004
                        0                       42  0.4419007768161306E+002  0.0000000000000000E+000  0.3049814641792387E-004
                        0                       43  0.4524017334558621E+002  0.0000000000000000E+000  0.3032468788777762E-004
                        0                       44  0.4629039910320349E+002  0.0000000000000000E+000  0.3034842905059600E-004
                        0                       45  0.4734105995919674E+002  0.0000000000000000E+000  0.3053994923892785E-004
                        0                       46  0.4839216201609539E+002  0.0000000000000000E+000  0.3088617276851822E-004
                        0                       47  0.4944382484701708E+002  0.0000000000000000E+000  0.3138673219745536E-004
                        0                       48  0.5049636121891029E+002  0.0000000000000000E+000  0.3201307531824150E-004
                        0                       49  0.5154958640407975E+002  0.0000000000000000E+000  0.3273125310662872E-004
                        0                       50  0.5260349246492497E+002  0.0000000000000000E+000  0.3353580022829216E-004
                        0                       51  0.5365813863309470E+002  0.0000000000000000E+000  0.3442513560522267E-004
                        0                       52  0.5471366440273253E+002  0.0000000000000000E+000  0.3539611620694490E-004
                        0                       53  0.5577014271878051E+002  0.0000000000000000E+000  0.3638476537429926E-004
                        0                       54  0.5682726339483640E+002  0.0000000000000000E+000  0.3735990291422354E-004
                        0                       55  0.5788494690345705E+002  0.0000000000000000E+000  0.3832614773930829E-004
                        0                       56  0.5894336746289668E+002  0.0000000000000000E+000  0.3929049345669593E-004
                        0                       57  0.6000245186170272E+002  0.0000000000000000E+000  0.4018989919898742E-004
                        0                       58  0.6106211900886056E+002  0.0000000000000000E+000  0.4100474996811917E-004
                        0                       59  0.6212212726644345E+002  0.0000000000000000E+000  0.4170652378749920E-004
                        0                       60  0.6318244252552663E+002  0.0000000000000000E+000  0.4230650207699268E-004
                        0                       61  0.6424289350687067E+002  0.0000000000000000E+000  0.4278582157136066E-004
                        0                       62  0.6530355131765175E+002  0.0000000000000000E+000  0.4318032844218827E-004
                        0                       63  0.6636436451437957E+002  0.0000000000000000E+000  0.4346965500513433E-004
                        0                       64  0.6742531700919717E+002  0.0000000000000000E+000  0.4364870799664741E-004
                        0                       65  0.6848635968573818E+002  0.0000000000000000E+000  0.4370832036068101E-004
                        0                       66  0.6954743739664302E+002  0.0000000000000000E+000  0.4365319685013835E-004
                        0                       67  0.7060840936096618E+002  0.0000000000000000E+000  0.4344748576805860E-004
                        0                       68  0.7166927144003526E+002  0.0000000000000000E+000  0.4314293376204411E-004
                        0                       69  0.7272988305560952E+002  0.0000000000000000E+000  0.4273143450760198E-004
                        0                       70  0.7379023547046725E+002  0.0000000000000000E+000  0.4223354148748835E-004
                        0                       71  0.7485032896324748E+002  0.0000000000000000E+000  0.4166615347249987E-004
                        0                       72  0.7591007732600148E+002  0.0000000000000000E+000  0.4103107794881926E-004
                        0                       73  0.7696949467588693E+002  0.0000000000000000E+000  0.4034740438324217E-004
                        0                       74  0.7802851648846988E+002  0.0000000000000000E+000  0.3963024304084290E-004
                        0                       75  0.7908712506948901E+002  0.0000000000000000E+000  0.3888269367886036E-004
                        0                       76  0.8014527236898199E+002  0.0000000000000000E+000  0.3814365942650563E-004
                        0                       77  0.8120299757232326E+002  0.0000000000000000E+000  0.3741608557076206E-004
                        0                       78  0.8226024288700285E+002  0.0000000000000000E+000  0.3669872025277473E-004
                        0                       79  0.8331705882506314E+002  0.0000000000000000E+000  0.3602840197670414E-004
                        0                       80  0.8437345463187442E+002  0.0000000000000000E+000  0.3541161367081058E-004
                        0                       81  0.8542948314671578E+002  0.0000000000000000E+000  0.3485337016771195E-004
                        0                       82  0.8648514901740339E+002  0.0000000000000000E+000  0.3435618092149525E-004
                        0                       83  0.8754052606744941E+002  0.0000000000000000E+000  0.3394215542697136E-004
                        0                       84  0.8859565827543423E+002  0.0000000000000000E+000  0.3360546778189096E-004
                        0                       85  0.8965060583681442E+002  0.0000000000000000E+000  0.3334909078469474E-004
                        0                       86  0.9070546474247583E+002  0.0000000000000000E+000  0.3317690179564381E-004
                        0                       87  0.9176027509476774E+002  0.0000000000000000E+000  0.3311221174864317E-004
                        0                       88  0.9281513409228947E+002  0.0000000000000000E+000  0.3312398342988490E-004
                        0                       89  0.9387009476603528E+002  0.0000000000000000E+000  0.3321941271751690E-004
                        0                       90  0.9492522095248631E+002  0.0000000000000000E+000  0.3337741490775881E-004
                        0                       91  0.9598058171045525E+002  0.0000000000000000E+000  0.3363288136574730E-004
                        0                       92  0.9703620150518591E+002  0.0000000000000000E+000  0.3394656712449080E-004
                        0                       93  0.9809214753023488E+002  0.0000000000000000E+000  0.3432855959351720E-004
                        0                       94  0.9914843220704095E+002  0.0000000000000000E+000  0.3474819787989112E-004
                        0                       95  0.1002051021067795E+003  0.0000000000000000E+000  0.3521882253557938E-004
                        0                       96  0.1012620982162882E+003  0.0000000000000000E+000  0.3570118674349562E-004
                        0                       97  0.1023195152081250E+003  0.0000000000000000E+000  0.3621223549849191E-004
                        0                       98  0.1033772960967218E+003  0.0000000000000000E+000  0.3673169573189588E-004
                        0                       99  0.1044354883812031E+003  0.0000000000000000E+000  0.3726533240258554E-004
                        0                      100  0.1054939822870740E+003  0.0000000000000000E+000  0.3776760083795776E-004
                        0                      101  0.1065528067524274E+003  0.0000000000000000E+000  0.3824493160142625E-004
                        0                      102  0.1076119063289467E+003  0.0000000000000000E+000  0.3868564973023509E-004
                        0                      103  0.1086712431887189E+003  0.0000000000000000E+000  0.3907962612412579E-004
                        0                      104  0.1097307995830603E+003  0.0000000000000000E+000  0.3943836991292373E-004
                        0                      105  0.1107905033035071E+003  0.0000000000000000E+000  0.3975021824817601E-004
                        0                      106  0.1118503951566315E+003  0.0000000000000000E+000  0.4001646037564169E-004
                        0                      107  0.1129103600498508E+003  0.0000000000000000E+000  0.4020957290653428E-004
                        0                      108  0.1139704567234393E+003  0.0000000000000000E+000  0.4033564657294434E-004
                        0                      109  0.1150305542025699E+003  0.0000000000000000E+000  0.4037537542517336E-004
                        0                      110  0.1160906968515361E+003  0.0000000000000000E+000  0.4036071116496822E-004
                        0                      111  0.1171507656230409E+003  0.0000000000000000E+000  0.4030666379691136E-004
                        0                      112  0.1182107934311647E+003  0.0000000000000000E+000  0.4020182021318478E-004
                        0                      113  0.1192706922028020E+003  0.0000000000000000E+000  0.4000456145771703E-004
                        0                      114  0.1203304945427096E+003  0.0000000000000000E+000  0.3975044900879899E-004
                        0                      115  0.1213901290665027E+003  0.0000000000000000E+000  0.3946094588826828E-004
                        0                      116  0.1224495671874755E+003  0.0000000000000000E+000  0.3914352366147635E-004
                        0                      117  0.1235088054423818E+003  0.0000000000000000E+000  0.3879992961232574E-004
                        0                      118  0.1245678142644516E+003  0.0000000000000000E+000  0.3843790335257651E-004
                        0                      119  0.1256266186107819E+003  0.0000000000000000E+000  0.3805727860811083E-004
                        0                      120  0.1266851312850257E+003  0.0000000000000000E+000  0.3765771865127789E-004
                        0                      121  0.1277434356401727E+003  0.0000000000000000E+000  0.3725631078753720E-004
                        0                      122  0.1288014620636619E+003  0.0000000000000000E+000  0.3687477567540729E-004
                        0                      123  0.1298592758002398E+003  0.0000000000000000E+000  0.3649628917175401E-004
                        0                      124  0.1309168249595541E+003  0.0000000000000000E+000  0.3616851151462348E-004
                        0                      125  0.1319741919101867E+003  0.0000000000000000E+000  0.3585500472268404E-004
                        0                      126  0.1330313655672717E+003  0.0000000000000000E+000  0.3557899991294480E-004
                        0                      127  0.1340883851987130E+003  0.0000000000000000E+000  0.3530521178546402E-004
                        0                      128  0.1351452718018816E+003  0.0000000000000000E+000  0.3509610111497706E-004
                        0                      129  0.1362020570144530E+003  0.0000000000000000E+000  0.3493228106976556E-004
                        0                      130  0.1372587846204251E+003  0.0000000000000000E+000  0.3483164859357011E-004
                        0                      131  0.1383154696389746E+003  0.0000000000000000E+000  0.3477461594516092E-004
                        0                      132  0.1393721973424757E+003  0.0000000000000000E+000  0.3477387892519101E-004
                        0                      133  0.1404289100808482E+003  0.0000000000000000E+000  0.3475015414846252E-004
                        0                      134  0.1414857529469395E+003  0.0000000000000000E+000  0.3483836293778977E-004
                        0                      135  0.1425426617657891E+003  0.0000000000000000E+000  0.3499864693634916E-004
                        0                      136  0.1435997086716216E+003  0.0000000000000000E+000  0.3514557975492564E-004
                        0                      137  0.1446568976449894E+003  0.0000000000000000E+000  0.3534064216741079E-004
                        0                      138  0.1457142943095273E+003  0.0000000000000000E+000  0.3556923424575011E-004
                        0                      139  0.1467718345722642E+003  0.0000000000000000E+000  0.3582401508119718E-004
                        0                      140  0.1478295979585142E+003  0.0000000000000000E+000  0.3612645831573822E-004
                        0                      141  0.1488875626965982E+003  0.0000000000000000E+000  0.3641580726567900E-004
                        0                      142  0.1499457441101787E+003  0.0000000000000000E+000  0.3667035296373523E-004
