                                                                                                                                                                                                                                                                
                        1                        2
                   M_star                   R_star
  0.1591360000000000E+034  0.2776693207502957E+012
                        1                        2                        3                        4                        5
                        l                     n_pg                 Re(freq)                 Im(freq)                   E_norm
                        0                        1  0.2430193842595352E+002  0.0000000000000000E+000  0.3365667063033371E-001
                        0                        2  0.4396318325426740E+002  0.0000000000000000E+000  0.1895446454586061E-002
                        0                        3  0.6156745346066371E+002  0.0000000000000000E+000  0.2472488162489486E-003
                        0                        4  0.7835416975223482E+002  0.0000000000000000E+000  0.4246903146678151E-004
                        0                        5  0.9350664466813429E+002  0.0000000000000000E+000  0.1007263973717083E-004
                        0                        6  0.1081541090634452E+003  0.0000000000000000E+000  0.4244702997279994E-005
                        0                        7  0.1231353500503936E+003  0.0000000000000000E+000  0.2126925816019900E-005
                        0                        8  0.1377365191577441E+003  0.0000000000000000E+000  0.1389377658594883E-005
