                                                                                                                                                                                                                                                                
                        1                        2
                   M_star                   R_star
  0.2784880000000000E+034  0.2774227700155157E+012
                        1                        2                        3                        4                        5
                        l                     n_pg                 Re(freq)                 Im(freq)                   E_norm
                        0                        1  0.3025998409253573E+002  0.0000000000000000E+000  0.5642086131341231E-001
                        0                        2  0.5685912695880109E+002  0.0000000000000000E+000  0.3675121414073867E-002
                        0                        3  0.8072390489249598E+002  0.0000000000000000E+000  0.5567617543309008E-003
                        0                        4  0.1031544221996667E+003  0.0000000000000000E+000  0.1286328166553791E-003
                        0                        5  0.1251742503949979E+003  0.0000000000000000E+000  0.3660836378477132E-004
                        0                        6  0.1465556408213226E+003  0.0000000000000000E+000  0.1063178683060792E-004
