                                                                                                                                                                                                                                                                
                        1                        2
                   M_star                   R_star
  0.1591360000000000E+034  0.2202298359759937E+012
                        1                        2                        3                        4                        5
                        l                     n_pg                 Re(freq)                 Im(freq)                   E_norm
                        0                        1  0.3428414721987502E+002  0.0000000000000000E+000  0.3539947147252633E-001
                        0                        2  0.6223743506722965E+002  0.0000000000000000E+000  0.2151024432365126E-002
                        0                        3  0.8730773894624465E+002  0.0000000000000000E+000  0.3040283231999699E-003
                        0                        4  0.1113862033950677E+003  0.0000000000000000E+000  0.6281277462778886E-004
                        0                        5  0.1345339938958873E+003  0.0000000000000000E+000  0.1420803982982516E-004
