                                                                                                                                                                                                                                                                
                        1                        2
                   M_star                   R_star
  0.1591360000000000E+034  0.2204039965636031E+012
                        1                        2                        3                        4                        5
                        l                     n_pg                 Re(freq)                 Im(freq)                   E_norm
                        0                        1  0.3346260561232538E+002  0.0000000000000000E+000  0.4244905345934250E-001
                        0                        2  0.6156884967009982E+002  0.0000000000000000E+000  0.2528324278322408E-002
                        0                        3  0.8681318417179992E+002  0.0000000000000000E+000  0.3472344694345496E-003
                        0                        4  0.1109618043077008E+003  0.0000000000000000E+000  0.6593303903104522E-004
                        0                        5  0.1338451420491328E+003  0.0000000000000000E+000  0.1405961310857402E-004
