                                                                                                                                                                                                                                                                
                        1                        2
                   M_star                   R_star
  0.2387040000000000E+034  0.2205961534093577E+012
                        1                        2                        3                        4                        5
                        l                     n_pg                 Re(freq)                 Im(freq)                   E_norm
                        0                        1  0.3957970354012570E+002  0.0000000000000000E+000  0.5612656001388192E-001
                        0                        2  0.7429463428665360E+002  0.0000000000000000E+000  0.3769933770814240E-002
                        0                        3  0.1056735361002585E+003  0.0000000000000000E+000  0.5860172572941630E-003
                        0                        4  0.1353652509445031E+003  0.0000000000000000E+000  0.1337233400968194E-003
