                                                                                                                                                                                                                                                                
                        1                        2
                   M_star                   R_star
  0.1989200000000000E+034  0.2772752900551200E+012
                        1                        2                        3                        4                        5
                        l                     n_pg                 Re(freq)                 Im(freq)                   E_norm
                        0                        1  0.2595280518079996E+002  0.0000000000000000E+000  0.4952285603791359E-001
                        0                        2  0.4835329460798798E+002  0.0000000000000000E+000  0.2835372590649773E-002
                        0                        3  0.6819691327278116E+002  0.0000000000000000E+000  0.3912724509967521E-003
                        0                        4  0.8714631627598729E+002  0.0000000000000000E+000  0.7936195799933749E-004
                        0                        5  0.1053921495876223E+003  0.0000000000000000E+000  0.1754649627365583E-004
                        0                        6  0.1220327536370326E+003  0.0000000000000000E+000  0.5375365052432881E-005
                        0                        7  0.1385963604594468E+003  0.0000000000000000E+000  0.2563664239832955E-005
