                                                                                                                                                                                                                                                                
                        1                        2
                   M_star                   R_star
  0.1591360000000000E+034  0.2773563813982208E+012
                        1                        2                        3                        4                        5
                        l                     n_pg                 Re(freq)                 Im(freq)                   E_norm
                        0                        1  0.2403166212973306E+002  0.0000000000000000E+000  0.3660067460876595E-001
                        0                        2  0.4373104775333611E+002  0.0000000000000000E+000  0.1922821014366487E-002
                        0                        3  0.6098607948602967E+002  0.0000000000000000E+000  0.2592497692081529E-003
                        0                        4  0.7773930391778264E+002  0.0000000000000000E+000  0.5067536832618187E-004
                        0                        5  0.9343056808567712E+002  0.0000000000000000E+000  0.1109461131275011E-004
                        0                        6  0.1078345677958465E+003  0.0000000000000000E+000  0.4240039463197812E-005
                        0                        7  0.1229138118558599E+003  0.0000000000000000E+000  0.2165790432073671E-005
                        0                        8  0.1376832645840092E+003  0.0000000000000000E+000  0.1181548234335410E-005
