                                                                                                                                                                                                                                                                
                        1                        2
                   M_star                   R_star
  0.3182720000000000E+034  0.2786895029090387E+012
                        1                        2                        3                        4                        5
                        l                     n_pg                 Re(freq)                 Im(freq)                   E_norm
                        0                        1  0.5548629649399495E+002  0.0000000000000000E+000  0.2079831013506649E-004
                        0                        2  0.7223013619909550E+002  0.0000000000000000E+000  0.2919041564252993E-005
                        0                        3  0.9013053124769768E+002  0.0000000000000000E+000  0.6677695046845500E-006
                        0                        4  0.1081193969166896E+003  0.0000000000000000E+000  0.2148448092228209E-006
                        0                        5  0.1258290090451297E+003  0.0000000000000000E+000  0.1104409344905539E-006
                        0                        6  0.1443293446912399E+003  0.0000000000000000E+000  0.8190999827085699E-007
