                                                                                                                                                                                                                                                                
                        1                        2
                   M_star                   R_star
  0.3182720000000000E+034  0.3488587697724769E+012
                        1                        2                        3                        4                        5
                        l                     n_pg                 Re(freq)                 Im(freq)                   E_norm
                        0                        1  0.3471696007518072E+002  0.0000000000000000E+000  0.1433085142125219E-003
                        0                        2  0.4909379262906924E+002  0.0000000000000000E+000  0.3631604471025904E-004
                        0                        3  0.6424649298983694E+002  0.0000000000000000E+000  0.9250000649090710E-005
                        0                        4  0.7860504381861691E+002  0.0000000000000000E+000  0.3103283123227697E-005
                        0                        5  0.9307080399513956E+002  0.0000000000000000E+000  0.1671454565961357E-005
                        0                        6  0.1082023671767712E+003  0.0000000000000000E+000  0.1038782971920919E-005
                        0                        7  0.1236233708117654E+003  0.0000000000000000E+000  0.6538229639151801E-006
                        0                        8  0.1389874068249971E+003  0.0000000000000000E+000  0.3838761347529061E-006
