                                                                                                                                                                                                                                                                
                        1                        2
                   M_star                   R_star
  0.2387040000000000E+034  0.2772558030769692E+012
                        1                        2                        3                        4                        5
                        l                     n_pg                 Re(freq)                 Im(freq)                   E_norm
                        0                        1  0.2774745725337866E+002  0.0000000000000000E+000  0.5994314313759212E-001
                        0                        2  0.5251236149020157E+002  0.0000000000000000E+000  0.3662071886804733E-002
                        0                        3  0.7462360581003664E+002  0.0000000000000000E+000  0.5296774734417256E-003
                        0                        4  0.9561528096838613E+002  0.0000000000000000E+000  0.1104908436161862E-003
                        0                        5  0.1159795444633516E+003  0.0000000000000000E+000  0.2577873244719610E-004
                        0                        6  0.1349284823558967E+003  0.0000000000000000E+000  0.7105992977341068E-005
