                                                                                                                                                                                                                                                                
                        1                        2
                   M_star                   R_star
  0.3182720000000000E+034  0.1748831303029522E+013
                        1                        2                        3                        4                        5
                        l                     n_pg                 Re(freq)                 Im(freq)                   E_norm
                        0                        7  0.1046807546205095E+002  0.0000000000000000E+000  0.3960840791458581E-004
                        0                        8  0.1187460804617609E+002  0.0000000000000000E+000  0.3495184174859614E-004
                        0                        9  0.1331606463746947E+002  0.0000000000000000E+000  0.3598798214207048E-004
                        0                       10  0.1477823520034195E+002  0.0000000000000000E+000  0.3515749036167493E-004
                        0                       11  0.1623681271747145E+002  0.0000000000000000E+000  0.3550969160046734E-004
                        0                       12  0.1770887792379338E+002  0.0000000000000000E+000  0.3548734456589426E-004
                        0                       13  0.1917848684484732E+002  0.0000000000000000E+000  0.3608100480180269E-004
                        0                       14  0.2065759518681985E+002  0.0000000000000000E+000  0.3670576817530862E-004
                        0                       15  0.2213730704847926E+002  0.0000000000000000E+000  0.3738341960383663E-004
                        0                       16  0.2362196718520551E+002  0.0000000000000000E+000  0.3794822243247956E-004
                        0                       17  0.2510505296088983E+002  0.0000000000000000E+000  0.3850913001705155E-004
                        0                       18  0.2659258863521266E+002  0.0000000000000000E+000  0.3940273031790870E-004
                        0                       19  0.2808201394325397E+002  0.0000000000000000E+000  0.3990249042414804E-004
                        0                       20  0.2957085938575659E+002  0.0000000000000000E+000  0.4057423528692363E-004
                        0                       21  0.3106301556082414E+002  0.0000000000000000E+000  0.4116791900005392E-004
                        0                       22  0.3255454372779297E+002  0.0000000000000000E+000  0.4164818268343703E-004
                        0                       23  0.3404769753374852E+002  0.0000000000000000E+000  0.4220536703045632E-004
                        0                       24  0.3554183737760289E+002  0.0000000000000000E+000  0.4259730603969777E-004
                        0                       25  0.3703613261035244E+002  0.0000000000000000E+000  0.4296417150301462E-004
                        0                       26  0.3853140124433406E+002  0.0000000000000000E+000  0.4325959616088641E-004
                        0                       27  0.4002673575825465E+002  0.0000000000000000E+000  0.4349470547132997E-004
                        0                       28  0.4152289385046564E+002  0.0000000000000000E+000  0.4368110323845720E-004
                        0                       29  0.4301925253922380E+002  0.0000000000000000E+000  0.4378017164993960E-004
                        0                       30  0.4451600200389856E+002  0.0000000000000000E+000  0.4380186066155526E-004
                        0                       31  0.4601275755334112E+002  0.0000000000000000E+000  0.4376391186138744E-004
                        0                       32  0.4750994167551782E+002  0.0000000000000000E+000  0.4367686647139137E-004
                        0                       33  0.4900727846939888E+002  0.0000000000000000E+000  0.4351384569428067E-004
                        0                       34  0.5050476016772920E+002  0.0000000000000000E+000  0.4327124516284932E-004
                        0                       35  0.5200220206909331E+002  0.0000000000000000E+000  0.4297875317839526E-004
                        0                       36  0.5349972704073226E+002  0.0000000000000000E+000  0.4261567402502489E-004
                        0                       37  0.5499719231070113E+002  0.0000000000000000E+000  0.4222217780551204E-004
                        0                       38  0.5649475401479454E+002  0.0000000000000000E+000  0.4174334544476689E-004
                        0                       39  0.5799207999670814E+002  0.0000000000000000E+000  0.4123248567959638E-004
                        0                       40  0.5948936547214949E+002  0.0000000000000000E+000  0.4067950963552644E-004
                        0                       41  0.6098651259205621E+002  0.0000000000000000E+000  0.4010634247503605E-004
                        0                       42  0.6248363085391001E+002  0.0000000000000000E+000  0.3947018198653734E-004
                        0                       43  0.6398029709720032E+002  0.0000000000000000E+000  0.3882074798282154E-004
                        0                       44  0.6547705266822530E+002  0.0000000000000000E+000  0.3816655649315372E-004
                        0                       45  0.6697353588202679E+002  0.0000000000000000E+000  0.3745075930818780E-004
                        0                       46  0.6846960335499209E+002  0.0000000000000000E+000  0.3672989499281427E-004
                        0                       47  0.6996554045651753E+002  0.0000000000000000E+000  0.3601193650624083E-004
                        0                       48  0.7146116208881060E+002  0.0000000000000000E+000  0.3527682410235810E-004
                        0                       49  0.7295633839458428E+002  0.0000000000000000E+000  0.3453381796143926E-004
                        0                       50  0.7445113236926356E+002  0.0000000000000000E+000  0.3382254587057010E-004
                        0                       51  0.7594577017150731E+002  0.0000000000000000E+000  0.3311660636121811E-004
                        0                       52  0.7743999932635727E+002  0.0000000000000000E+000  0.3242018127923754E-004
                        0                       53  0.7893373517948238E+002  0.0000000000000000E+000  0.3174033049741145E-004
                        0                       54  0.8042722045027347E+002  0.0000000000000000E+000  0.3109402943252998E-004
                        0                       55  0.8192043747320713E+002  0.0000000000000000E+000  0.3047937105019025E-004
                        0                       56  0.8341338356454990E+002  0.0000000000000000E+000  0.2989659178696030E-004
                        0                       57  0.8490605801643363E+002  0.0000000000000000E+000  0.2931803269047428E-004
                        0                       58  0.8639826202879341E+002  0.0000000000000000E+000  0.2876915728307766E-004
                        0                       59  0.8789006365420941E+002  0.0000000000000000E+000  0.2827162963294995E-004
                        0                       60  0.8938157327542788E+002  0.0000000000000000E+000  0.2782358429580104E-004
                        0                       61  0.9087291470020783E+002  0.0000000000000000E+000  0.2740429558843668E-004
                        0                       62  0.9236409054711244E+002  0.0000000000000000E+000  0.2702617899920893E-004
                        0                       63  0.9385497414326365E+002  0.0000000000000000E+000  0.2669043006311175E-004
                        0                       64  0.9534555791663624E+002  0.0000000000000000E+000  0.2639872690403595E-004
                        0                       65  0.9683598401214100E+002  0.0000000000000000E+000  0.2615471672778787E-004
                        0                       66  0.9832623700363517E+002  0.0000000000000000E+000  0.2597137998885526E-004
                        0                       67  0.9981649036090384E+002  0.0000000000000000E+000  0.2584012303757235E-004
                        0                       68  0.1013067942711755E+003  0.0000000000000000E+000  0.2575792680067183E-004
                        0                       69  0.1027971441005431E+003  0.0000000000000000E+000  0.2571331638657903E-004
                        0                       70  0.1042877043455438E+003  0.0000000000000000E+000  0.2571610839732803E-004
                        0                       71  0.1057783394814753E+003  0.0000000000000000E+000  0.2576137828554515E-004
                        0                       72  0.1072691584351899E+003  0.0000000000000000E+000  0.2583998112903908E-004
                        0                       73  0.1087601047642452E+003  0.0000000000000000E+000  0.2595126160107842E-004
                        0                       74  0.1102512574669736E+003  0.0000000000000000E+000  0.2610501493499943E-004
                        0                       75  0.1117426216348932E+003  0.0000000000000000E+000  0.2628502241746837E-004
                        0                       76  0.1132342162464691E+003  0.0000000000000000E+000  0.2649594865342504E-004
                        0                       77  0.1147260688114358E+003  0.0000000000000000E+000  0.2674104326129715E-004
                        0                       78  0.1162182402103671E+003  0.0000000000000000E+000  0.2701550268156617E-004
                        0                       79  0.1177107256433207E+003  0.0000000000000000E+000  0.2732115277936437E-004
                        0                       80  0.1192035372568929E+003  0.0000000000000000E+000  0.2763879255548618E-004
                        0                       81  0.1206966700048029E+003  0.0000000000000000E+000  0.2799132114650005E-004
                        0                       82  0.1221901664859138E+003  0.0000000000000000E+000  0.2833838829935304E-004
                        0                       83  0.1236839223246558E+003  0.0000000000000000E+000  0.2870476798804605E-004
                        0                       84  0.1251780107709636E+003  0.0000000000000000E+000  0.2906647610618977E-004
                        0                       85  0.1266724161377026E+003  0.0000000000000000E+000  0.2945849689759730E-004
                        0                       86  0.1281671103848274E+003  0.0000000000000000E+000  0.2983024459275636E-004
                        0                       87  0.1296621098885882E+003  0.0000000000000000E+000  0.3021754209824714E-004
                        0                       88  0.1311573482046453E+003  0.0000000000000000E+000  0.3058947582920068E-004
                        0                       89  0.1326528986884132E+003  0.0000000000000000E+000  0.3098606233720744E-004
                        0                       90  0.1341486698505368E+003  0.0000000000000000E+000  0.3133186018255727E-004
                        0                       91  0.1356446892637703E+003  0.0000000000000000E+000  0.3168658240006402E-004
                        0                       92  0.1371409733047936E+003  0.0000000000000000E+000  0.3201698222125400E-004
                        0                       93  0.1386374193090871E+003  0.0000000000000000E+000  0.3235756506254338E-004
                        0                       94  0.1401340485155768E+003  0.0000000000000000E+000  0.3264920707983890E-004
                        0                       95  0.1416308746136077E+003  0.0000000000000000E+000  0.3293599753964490E-004
                        0                       96  0.1431278131611278E+003  0.0000000000000000E+000  0.3320423719723322E-004
                        0                       97  0.1446249299019360E+003  0.0000000000000000E+000  0.3346042810713073E-004
                        0                       98  0.1461221433686801E+003  0.0000000000000000E+000  0.3365582001138161E-004
                        0                       99  0.1476194762148616E+003  0.0000000000000000E+000  0.3383861969573307E-004
                        0                      100  0.1491168895792096E+003  0.0000000000000000E+000  0.3400321059089084E-004
