                                                                                                                                                                                                                                                                
                        1                        2
                   M_star                   R_star
  0.2784880000000000E+034  0.2201083316586242E+013
                        1                        2                        3                        4                        5
                        l                     n_pg                 Re(freq)                 Im(freq)                   E_norm
                        0                       11  0.1070523130858516E+002  0.0000000000000000E+000  0.5609530683732046E-004
                        0                       12  0.1167905925692619E+002  0.0000000000000000E+000  0.5592060058653455E-004
                        0                       13  0.1265956714213534E+002  0.0000000000000000E+000  0.5698938624236829E-004
                        0                       14  0.1364248489627484E+002  0.0000000000000000E+000  0.5773329819189692E-004
                        0                       15  0.1462976697005447E+002  0.0000000000000000E+000  0.5794166738955553E-004
                        0                       16  0.1561448540129896E+002  0.0000000000000000E+000  0.5751960183998370E-004
                        0                       17  0.1660235341172802E+002  0.0000000000000000E+000  0.5748691557563307E-004
                        0                       18  0.1758999559866537E+002  0.0000000000000000E+000  0.5670351694192654E-004
                        0                       19  0.1857886935969324E+002  0.0000000000000000E+000  0.5605815853353731E-004
                        0                       20  0.1956848872728984E+002  0.0000000000000000E+000  0.5458986042007166E-004
                        0                       21  0.2055632503240438E+002  0.0000000000000000E+000  0.5320288279299982E-004
                        0                       22  0.2154594784464943E+002  0.0000000000000000E+000  0.5162249223194475E-004
                        0                       23  0.2253445376747400E+002  0.0000000000000000E+000  0.4972190417175683E-004
                        0                       24  0.2352298707033078E+002  0.0000000000000000E+000  0.4773156892958742E-004
                        0                       25  0.2451051582810809E+002  0.0000000000000000E+000  0.4558178139769166E-004
                        0                       26  0.2549746732029818E+002  0.0000000000000000E+000  0.4350761608258952E-004
                        0                       27  0.2648399687736191E+002  0.0000000000000000E+000  0.4133707913500828E-004
                        0                       28  0.2746912699896885E+002  0.0000000000000000E+000  0.3919660947009835E-004
                        0                       29  0.2845330380436656E+002  0.0000000000000000E+000  0.3719500993140550E-004
                        0                       30  0.2943643649440778E+002  0.0000000000000000E+000  0.3532634347999127E-004
                        0                       31  0.3041878053239903E+002  0.0000000000000000E+000  0.3358524401148990E-004
                        0                       32  0.3139952017611115E+002  0.0000000000000000E+000  0.3201712276649375E-004
                        0                       33  0.3237933295903340E+002  0.0000000000000000E+000  0.3070974862780958E-004
                        0                       34  0.3335841771678995E+002  0.0000000000000000E+000  0.2964684970550998E-004
                        0                       35  0.3433676543861790E+002  0.0000000000000000E+000  0.2880458085348118E-004
                        0                       36  0.3531459110302424E+002  0.0000000000000000E+000  0.2822554401125322E-004
                        0                       37  0.3629214892229385E+002  0.0000000000000000E+000  0.2791901818592558E-004
                        0                       38  0.3727007433296281E+002  0.0000000000000000E+000  0.2785642333453607E-004
                        0                       39  0.3824820839137081E+002  0.0000000000000000E+000  0.2801930322079452E-004
                        0                       40  0.3922700604451643E+002  0.0000000000000000E+000  0.2839957249972789E-004
                        0                       41  0.4020646062733109E+002  0.0000000000000000E+000  0.2899991991892918E-004
                        0                       42  0.4118720203531704E+002  0.0000000000000000E+000  0.2978079556657259E-004
                        0                       43  0.4216892295768863E+002  0.0000000000000000E+000  0.3067667361983250E-004
                        0                       44  0.4315163130820820E+002  0.0000000000000000E+000  0.3171708430647255E-004
                        0                       45  0.4413574989828884E+002  0.0000000000000000E+000  0.3284026520599274E-004
                        0                       46  0.4512090331953835E+002  0.0000000000000000E+000  0.3397253554602662E-004
                        0                       47  0.4610689299667443E+002  0.0000000000000000E+000  0.3513398752349042E-004
                        0                       48  0.4709397846215639E+002  0.0000000000000000E+000  0.3630179869630261E-004
                        0                       49  0.4808195524132226E+002  0.0000000000000000E+000  0.3738706016805507E-004
                        0                       50  0.4907061803079483E+002  0.0000000000000000E+000  0.3838885878843908E-004
                        0                       51  0.5005989648754739E+002  0.0000000000000000E+000  0.3927311516455149E-004
                        0                       52  0.5104969114201464E+002  0.0000000000000000E+000  0.4002704334019365E-004
                        0                       53  0.5203989951130939E+002  0.0000000000000000E+000  0.4062325245653423E-004
                        0                       54  0.5303042839127822E+002  0.0000000000000000E+000  0.4104362992455510E-004
                        0                       55  0.5402110010295337E+002  0.0000000000000000E+000  0.4127322330456299E-004
                        0                       56  0.5501177628389109E+002  0.0000000000000000E+000  0.4132006664509531E-004
                        0                       57  0.5600232638881531E+002  0.0000000000000000E+000  0.4119841637216868E-004
                        0                       58  0.5699272419908609E+002  0.0000000000000000E+000  0.4094083480651088E-004
                        0                       59  0.5798298561103230E+002  0.0000000000000000E+000  0.4054817917949321E-004
                        0                       60  0.5897306028079845E+002  0.0000000000000000E+000  0.4001871211434453E-004
                        0                       61  0.5996280856024118E+002  0.0000000000000000E+000  0.3935850158976299E-004
                        0                       62  0.6095218140184701E+002  0.0000000000000000E+000  0.3858739601700583E-004
                        0                       63  0.6194095172069044E+002  0.0000000000000000E+000  0.3772501447514331E-004
                        0                       64  0.6292914723807979E+002  0.0000000000000000E+000  0.3681195787468025E-004
                        0                       65  0.6391671557678914E+002  0.0000000000000000E+000  0.3588507718210487E-004
                        0                       66  0.6490363403689076E+002  0.0000000000000000E+000  0.3495757418227702E-004
                        0                       67  0.6588986771556540E+002  0.0000000000000000E+000  0.3405050618701049E-004
                        0                       68  0.6687546884573023E+002  0.0000000000000000E+000  0.3321034108560698E-004
                        0                       69  0.6786046576040864E+002  0.0000000000000000E+000  0.3242828761912578E-004
                        0                       70  0.6884483712076153E+002  0.0000000000000000E+000  0.3172255528405513E-004
                        0                       71  0.6982866697625991E+002  0.0000000000000000E+000  0.3113408218346301E-004
                        0                       72  0.7081202916704633E+002  0.0000000000000000E+000  0.3065503535890950E-004
                        0                       73  0.7179509805130765E+002  0.0000000000000000E+000  0.3031361036399481E-004
                        0                       74  0.7277795724942872E+002  0.0000000000000000E+000  0.3009453719468688E-004
                        0                       75  0.7376075914052130E+002  0.0000000000000000E+000  0.3000726536502691E-004
                        0                       76  0.7474362392088607E+002  0.0000000000000000E+000  0.3005234940794362E-004
                        0                       77  0.7572667411112629E+002  0.0000000000000000E+000  0.3022574707443706E-004
                        0                       78  0.7671000538718619E+002  0.0000000000000000E+000  0.3050446596195022E-004
                        0                       79  0.7769376757676710E+002  0.0000000000000000E+000  0.3089675487121601E-004
                        0                       80  0.7867798050517648E+002  0.0000000000000000E+000  0.3137989492747947E-004
                        0                       81  0.7966278705910864E+002  0.0000000000000000E+000  0.3194905663915637E-004
                        0                       82  0.8064814872261594E+002  0.0000000000000000E+000  0.3256491776287649E-004
                        0                       83  0.8163413963263393E+002  0.0000000000000000E+000  0.3321733094549065E-004
                        0                       84  0.8262066792889573E+002  0.0000000000000000E+000  0.3388698284882578E-004
                        0                       85  0.8360779544935906E+002  0.0000000000000000E+000  0.3457009563309164E-004
                        0                       86  0.8459541585251195E+002  0.0000000000000000E+000  0.3522671234136474E-004
                        0                       87  0.8558351122001683E+002  0.0000000000000000E+000  0.3585032793608421E-004
                        0                       88  0.8657203974518025E+002  0.0000000000000000E+000  0.3640836722711401E-004
                        0                       89  0.8756092621398635E+002  0.0000000000000000E+000  0.3690627436731184E-004
                        0                       90  0.8855011993852368E+002  0.0000000000000000E+000  0.3732534454868109E-004
                        0                       91  0.8953953919596340E+002  0.0000000000000000E+000  0.3766513861682553E-004
                        0                       92  0.9052909787718865E+002  0.0000000000000000E+000  0.3789845360920743E-004
                        0                       93  0.9151877918235407E+002  0.0000000000000000E+000  0.3801477222770993E-004
                        0                       94  0.9250844915169777E+002  0.0000000000000000E+000  0.3804178747174542E-004
                        0                       95  0.9349815141851082E+002  0.0000000000000000E+000  0.3798083700703342E-004
                        0                       96  0.9448771391646750E+002  0.0000000000000000E+000  0.3782433753035818E-004
                        0                       97  0.9547716654427488E+002  0.0000000000000000E+000  0.3756986031237523E-004
                        0                       98  0.9646641125006983E+002  0.0000000000000000E+000  0.3722999647948391E-004
                        0                       99  0.9745538355459651E+002  0.0000000000000000E+000  0.3681466076128157E-004
                        0                      100  0.9844406204448759E+002  0.0000000000000000E+000  0.3634520691961219E-004
                        0                      101  0.9943233309222988E+002  0.0000000000000000E+000  0.3583736872475868E-004
                        0                      102  0.1004202794493434E+003  0.0000000000000000E+000  0.3531370365765780E-004
                        0                      103  0.1014077645967048E+003  0.0000000000000000E+000  0.3475904199728211E-004
                        0                      104  0.1023948929923071E+003  0.0000000000000000E+000  0.3422015327691996E-004
                        0                      105  0.1033815794494493E+003  0.0000000000000000E+000  0.3368596703010375E-004
                        0                      106  0.1043679088573666E+003  0.0000000000000000E+000  0.3319503390003008E-004
                        0                      107  0.1053538436398178E+003  0.0000000000000000E+000  0.3273966269279365E-004
                        0                      108  0.1063394380260675E+003  0.0000000000000000E+000  0.3234624248617090E-004
                        0                      109  0.1073247467086515E+003  0.0000000000000000E+000  0.3201909573818006E-004
                        0                      110  0.1083098326746526E+003  0.0000000000000000E+000  0.3175434984118719E-004
                        0                      111  0.1092947348135381E+003  0.0000000000000000E+000  0.3156770623888544E-004
                        0                      112  0.1102795713994246E+003  0.0000000000000000E+000  0.3146103871100573E-004
                        0                      113  0.1112643614198866E+003  0.0000000000000000E+000  0.3144474995520516E-004
                        0                      114  0.1122492479073987E+003  0.0000000000000000E+000  0.3150191161018405E-004
                        0                      115  0.1132341962439735E+003  0.0000000000000000E+000  0.3162773206201782E-004
                        0                      116  0.1142193649476825E+003  0.0000000000000000E+000  0.3183763800869670E-004
                        0                      117  0.1152047623964123E+003  0.0000000000000000E+000  0.3210436397832644E-004
                        0                      118  0.1161904363260992E+003  0.0000000000000000E+000  0.3242216447025743E-004
                        0                      119  0.1171764647601757E+003  0.0000000000000000E+000  0.3277655404046609E-004
                        0                      120  0.1181627801814136E+003  0.0000000000000000E+000  0.3318496929753456E-004
                        0                      121  0.1191495119012984E+003  0.0000000000000000E+000  0.3361235821382259E-004
                        0                      122  0.1201365432293326E+003  0.0000000000000000E+000  0.3404867621973828E-004
                        0                      123  0.1211239776926359E+003  0.0000000000000000E+000  0.3446248524002155E-004
                        0                      124  0.1221117153660639E+003  0.0000000000000000E+000  0.3486592244373352E-004
                        0                      125  0.1230997550070644E+003  0.0000000000000000E+000  0.3526224268191787E-004
                        0                      126  0.1240880974631202E+003  0.0000000000000000E+000  0.3564307492823398E-004
                        0                      127  0.1250766343404859E+003  0.0000000000000000E+000  0.3595076445913545E-004
                        0                      128  0.1260653918527213E+003  0.0000000000000000E+000  0.3618066766689821E-004
                        0                      129  0.1270542877850837E+003  0.0000000000000000E+000  0.3639410416286595E-004
                        0                      130  0.1280433066567550E+003  0.0000000000000000E+000  0.3655494781043088E-004
                        0                      131  0.1290323923775021E+003  0.0000000000000000E+000  0.3662611158296361E-004
                        0                      132  0.1300214330131320E+003  0.0000000000000000E+000  0.3661511134045229E-004
                        0                      133  0.1310105342275167E+003  0.0000000000000000E+000  0.3658326818745563E-004
                        0                      134  0.1319995000949941E+003  0.0000000000000000E+000  0.3648594623922178E-004
                        0                      135  0.1329883911520810E+003  0.0000000000000000E+000  0.3629876482959882E-004
                        0                      136  0.1339771117346067E+003  0.0000000000000000E+000  0.3606259121161186E-004
                        0                      137  0.1349656851241838E+003  0.0000000000000000E+000  0.3583921889248237E-004
                        0                      138  0.1359540679175700E+003  0.0000000000000000E+000  0.3550974974703509E-004
                        0                      139  0.1369421664456231E+003  0.0000000000000000E+000  0.3518422143476991E-004
                        0                      140  0.1379301166924541E+003  0.0000000000000000E+000  0.3487590124366378E-004
                        0                      141  0.1389177131148673E+003  0.0000000000000000E+000  0.3449968313797548E-004
                        0                      142  0.1399051280231035E+003  0.0000000000000000E+000  0.3416022637791999E-004
                        0                      143  0.1408922329098847E+003  0.0000000000000000E+000  0.3381962555477212E-004
                        0                      144  0.1418790994351648E+003  0.0000000000000000E+000  0.3350875940012063E-004
                        0                      145  0.1428657584271373E+003  0.0000000000000000E+000  0.3323228829474989E-004
                        0                      146  0.1438521746551257E+003  0.0000000000000000E+000  0.3299216884602656E-004
                        0                      147  0.1448384561558172E+003  0.0000000000000000E+000  0.3276699053385854E-004
                        0                      148  0.1458245577530982E+003  0.0000000000000000E+000  0.3260107651022848E-004
                        0                      149  0.1468105875953294E+003  0.0000000000000000E+000  0.3249833230814773E-004
                        0                      150  0.1477965669740501E+003  0.0000000000000000E+000  0.3243714065994145E-004
                        0                      151  0.1487825141398377E+003  0.0000000000000000E+000  0.3243162418988274E-004
                        0                      152  0.1497685569631707E+003  0.0000000000000000E+000  0.3246368727617946E-004
