                                                                                                                                                                                                                                                                
                        1                        2
                   M_star                   R_star
  0.2387040000000000E+034  0.2776466131582584E+012
                        1                        2                        3                        4                        5
                        l                     n_pg                 Re(freq)                 Im(freq)                   E_norm
                        0                        1  0.4851199938525533E+002  0.0000000000000000E+000  0.1340088688965171E-004
                        0                        2  0.6270677198551790E+002  0.0000000000000000E+000  0.2110806759853465E-005
                        0                        3  0.7790837061991510E+002  0.0000000000000000E+000  0.5820952570639824E-006
                        0                        4  0.9302725276506807E+002  0.0000000000000000E+000  0.2594755375256985E-006
                        0                        5  0.1088331279343084E+003  0.0000000000000000E+000  0.1931571376929447E-006
                        0                        6  0.1258017156603325E+003  0.0000000000000000E+000  0.1747742850273338E-006
                        0                        7  0.1434220733080537E+003  0.0000000000000000E+000  0.1614005903248180E-006
