                                                                                                                                                                                                                                                                
                        1                        2
                   M_star                   R_star
  0.2784880000000000E+034  0.2773794552614116E+012
                        1                        2                        3                        4                        5
                        l                     n_pg                 Re(freq)                 Im(freq)                   E_norm
                        0                        1  0.2986715452642438E+002  0.0000000000000000E+000  0.6218203633422317E-001
                        0                        2  0.5659137052620896E+002  0.0000000000000000E+000  0.4084684214624015E-002
                        0                        3  0.8066309640971865E+002  0.0000000000000000E+000  0.6281471567788499E-003
                        0                        4  0.1034902484718095E+003  0.0000000000000000E+000  0.1377083896154015E-003
                        0                        5  0.1256641281492048E+003  0.0000000000000000E+000  0.3480655136044418E-004
                        0                        6  0.1466958534764901E+003  0.0000000000000000E+000  0.9618355135928198E-005
