                                                                                                                                                                                                                                                                
                        1                        2
                   M_star                   R_star
  0.1989200000000000E+034  0.2201656535820917E+012
                        1                        2                        3                        4                        5
                        l                     n_pg                 Re(freq)                 Im(freq)                   E_norm
                        0                        1  0.3732012347582202E+002  0.0000000000000000E+000  0.4527572730260568E-001
                        0                        2  0.6890116562441931E+002  0.0000000000000000E+000  0.2949568923452388E-002
                        0                        3  0.9743838461189682E+002  0.0000000000000000E+000  0.4384014437181422E-003
                        0                        4  0.1245693224646302E+003  0.0000000000000000E+000  0.9583743080877424E-004
