                                                                                                                                                                                                                                                                
                        1                        2
                   M_star                   R_star
  0.1591360000000000E+034  0.2775352616276072E+012
                        1                        2                        3                        4                        5
                        l                     n_pg                 Re(freq)                 Im(freq)                   E_norm
                        0                        1  0.2412647933099757E+002  0.0000000000000000E+000  0.3588017653319835E-001
                        0                        2  0.4384209051876089E+002  0.0000000000000000E+000  0.1989574604627056E-002
                        0                        3  0.6144755705675813E+002  0.0000000000000000E+000  0.2579441109277569E-003
                        0                        4  0.7824118148637908E+002  0.0000000000000000E+000  0.4408497372460295E-004
                        0                        5  0.9342302473605939E+002  0.0000000000000000E+000  0.1023380908692579E-004
                        0                        6  0.1080341395832716E+003  0.0000000000000000E+000  0.4215335339562705E-005
                        0                        7  0.1229868915254365E+003  0.0000000000000000E+000  0.2075005756238855E-005
                        0                        8  0.1375366518799204E+003  0.0000000000000000E+000  0.1327529780871612E-005
