                                                                                                                                                                                                                                                                
                        1                        2
                   M_star                   R_star
  0.3580560000000000E+034  0.2771627993112853E+012
                        1                        2                        3                        4                        5
                        l                     n_pg                 Re(freq)                 Im(freq)                   E_norm
                        0                        1  0.6139277912793234E+002  0.0000000000000000E+000  0.1816376569860985E-004
                        0                        2  0.7826934301320354E+002  0.0000000000000000E+000  0.1998338027059972E-005
                        0                        3  0.9658255534282462E+002  0.0000000000000000E+000  0.4282618542446682E-006
                        0                        4  0.1153962501232217E+003  0.0000000000000000E+000  0.1214522021416013E-006
                        0                        5  0.1337693011938023E+003  0.0000000000000000E+000  0.4730591248199856E-007
