                                                                                                                                                                                                                                                                
                        1                        2
                   M_star                   R_star
  0.3580560000000000E+034  0.2783536900197050E+012
                        1                        2                        3                        4                        5
                        l                     n_pg                 Re(freq)                 Im(freq)                   E_norm
                        0                        1  0.5958549555252958E+002  0.0000000000000000E+000  0.1919594120938222E-004
                        0                        2  0.7690635804552278E+002  0.0000000000000000E+000  0.2529016521662901E-005
                        0                        3  0.9602405442698634E+002  0.0000000000000000E+000  0.5330265163946676E-006
                        0                        4  0.1153890793689068E+003  0.0000000000000000E+000  0.1462754496937037E-006
                        0                        5  0.1341276286100303E+003  0.0000000000000000E+000  0.5743637641340187E-007
