                                                                                                                                                                                                                                                                
                        1                        2
                   M_star                   R_star
  0.1591360000000000E+034  0.2205385079000887E+012
                        1                        2                        3                        4                        5
                        l                     n_pg                 Re(freq)                 Im(freq)                   E_norm
                        0                        1  0.3371953963372664E+002  0.0000000000000000E+000  0.3996740857503079E-001
                        0                        2  0.6174569958105795E+002  0.0000000000000000E+000  0.2423971535548856E-002
                        0                        3  0.8699495675739287E+002  0.0000000000000000E+000  0.3354532897946485E-003
                        0                        4  0.1111551263186245E+003  0.0000000000000000E+000  0.6387556764781542E-004
                        0                        5  0.1339724130817013E+003  0.0000000000000000E+000  0.1383741493082327E-004
