                                                                                                                                                                                                                                                                
                        1                        2
                   M_star                   R_star
  0.3580560000000000E+034  0.1748598774092260E+013
                        1                        2                        3                        4                        5
                        l                     n_pg                 Re(freq)                 Im(freq)                   E_norm
                        0                        7  0.1100240603082557E+002  0.0000000000000000E+000  0.2870050642400979E-004
                        0                        8  0.1251824321753353E+002  0.0000000000000000E+000  0.2474678306530569E-004
                        0                        9  0.1399359322213169E+002  0.0000000000000000E+000  0.2337618992524540E-004
                        0                       10  0.1552016390472352E+002  0.0000000000000000E+000  0.2406978421781319E-004
                        0                       11  0.1704419525755525E+002  0.0000000000000000E+000  0.2354563169393949E-004
                        0                       12  0.1857847444972490E+002  0.0000000000000000E+000  0.2417458043672904E-004
                        0                       13  0.2012208224274545E+002  0.0000000000000000E+000  0.2409332826238322E-004
                        0                       14  0.2166205394929180E+002  0.0000000000000000E+000  0.2435210728861349E-004
                        0                       15  0.2321056034054999E+002  0.0000000000000000E+000  0.2480089467437956E-004
                        0                       16  0.2476115853718768E+002  0.0000000000000000E+000  0.2520341457340713E-004
                        0                       17  0.2631688648022315E+002  0.0000000000000000E+000  0.2557145620438678E-004
                        0                       18  0.2787257438006409E+002  0.0000000000000000E+000  0.2565972012955123E-004
                        0                       19  0.2942802512079567E+002  0.0000000000000000E+000  0.2600291022792511E-004
                        0                       20  0.3098908337652032E+002  0.0000000000000000E+000  0.2625291435402012E-004
                        0                       21  0.3254892380318002E+002  0.0000000000000000E+000  0.2632522011797266E-004
                        0                       22  0.3411058566900621E+002  0.0000000000000000E+000  0.2648257090305766E-004
                        0                       23  0.3567407407176479E+002  0.0000000000000000E+000  0.2644183148486590E-004
                        0                       24  0.3723634218070757E+002  0.0000000000000000E+000  0.2635133871833941E-004
                        0                       25  0.3880026698814581E+002  0.0000000000000000E+000  0.2628639650567253E-004
                        0                       26  0.4036488927222973E+002  0.0000000000000000E+000  0.2608098711610209E-004
                        0                       27  0.4192936560936577E+002  0.0000000000000000E+000  0.2582957271480082E-004
                        0                       28  0.4349448476494545E+002  0.0000000000000000E+000  0.2551111161609029E-004
                        0                       29  0.4505936237235513E+002  0.0000000000000000E+000  0.2511716422114928E-004
                        0                       30  0.4662419141928897E+002  0.0000000000000000E+000  0.2470742883051313E-004
                        0                       31  0.4818947598091985E+002  0.0000000000000000E+000  0.2424088787596914E-004
                        0                       32  0.4975440198218305E+002  0.0000000000000000E+000  0.2371468349546950E-004
                        0                       33  0.5131926532227621E+002  0.0000000000000000E+000  0.2314742602237849E-004
                        0                       34  0.5288346469621036E+002  0.0000000000000000E+000  0.2255280264030314E-004
                        0                       35  0.5444753933776759E+002  0.0000000000000000E+000  0.2194821270828811E-004
                        0                       36  0.5601131918878752E+002  0.0000000000000000E+000  0.2131852700469973E-004
                        0                       37  0.5757458196675293E+002  0.0000000000000000E+000  0.2066650764018053E-004
                        0                       38  0.5913703901076866E+002  0.0000000000000000E+000  0.2001284784397235E-004
                        0                       39  0.6069903539683374E+002  0.0000000000000000E+000  0.1937499354772237E-004
                        0                       40  0.6226020327248280E+002  0.0000000000000000E+000  0.1875037625106243E-004
                        0                       41  0.6382098011506108E+002  0.0000000000000000E+000  0.1814369242715280E-004
                        0                       42  0.6538093778086207E+002  0.0000000000000000E+000  0.1754914180982187E-004
                        0                       43  0.6694012737344457E+002  0.0000000000000000E+000  0.1698264490835021E-004
                        0                       44  0.6849853169055331E+002  0.0000000000000000E+000  0.1645015503171482E-004
                        0                       45  0.7005614944507894E+002  0.0000000000000000E+000  0.1597017758968207E-004
                        0                       46  0.7161342766966941E+002  0.0000000000000000E+000  0.1552323194967908E-004
                        0                       47  0.7316974433805215E+002  0.0000000000000000E+000  0.1511009569838485E-004
                        0                       48  0.7472533273445386E+002  0.0000000000000000E+000  0.1475914117261425E-004
                        0                       49  0.7628061489433267E+002  0.0000000000000000E+000  0.1445878152297283E-004
                        0                       50  0.7783545267932291E+002  0.0000000000000000E+000  0.1420987916937850E-004
                        0                       51  0.7938991856681444E+002  0.0000000000000000E+000  0.1401634020485146E-004
                        0                       52  0.8094421418262874E+002  0.0000000000000000E+000  0.1387342726985050E-004
                        0                       53  0.8249851614415670E+002  0.0000000000000000E+000  0.1378376066054351E-004
                        0                       54  0.8405275902684139E+002  0.0000000000000000E+000  0.1374522863457287E-004
                        0                       55  0.8560724762902036E+002  0.0000000000000000E+000  0.1376485239775492E-004
                        0                       56  0.8716224627018235E+002  0.0000000000000000E+000  0.1383397474723138E-004
                        0                       57  0.8871753759798936E+002  0.0000000000000000E+000  0.1393686117523840E-004
                        0                       58  0.9027317014365849E+002  0.0000000000000000E+000  0.1408468730114421E-004
                        0                       59  0.9182950641106518E+002  0.0000000000000000E+000  0.1428014405673131E-004
                        0                       60  0.9338656624141018E+002  0.0000000000000000E+000  0.1450869762459161E-004
                        0                       61  0.9494432374893863E+002  0.0000000000000000E+000  0.1477383414564158E-004
                        0                       62  0.9650289462941301E+002  0.0000000000000000E+000  0.1507069804801923E-004
                        0                       63  0.9806228946542947E+002  0.0000000000000000E+000  0.1538594018493902E-004
                        0                       64  0.9962250603692654E+002  0.0000000000000000E+000  0.1571623840823616E-004
                        0                       65  0.1011834027673932E+003  0.0000000000000000E+000  0.1605718499528298E-004
                        0                       66  0.1027449417414450E+003  0.0000000000000000E+000  0.1640455261278838E-004
                        0                       67  0.1043072162814175E+003  0.0000000000000000E+000  0.1676454076284564E-004
                        0                       68  0.1058702801339518E+003  0.0000000000000000E+000  0.1712036757228309E-004
                        0                       69  0.1074340073208594E+003  0.0000000000000000E+000  0.1745863251080290E-004
                        0                       70  0.1089983377357051E+003  0.0000000000000000E+000  0.1778640212083999E-004
                        0                       71  0.1105629930902492E+003  0.0000000000000000E+000  0.1808842011465848E-004
                        0                       72  0.1121280728845306E+003  0.0000000000000000E+000  0.1837442719103704E-004
                        0                       73  0.1136935470771875E+003  0.0000000000000000E+000  0.1864496902332857E-004
                        0                       74  0.1152593348174474E+003  0.0000000000000000E+000  0.1888708601975213E-004
                        0                       75  0.1168254998960078E+003  0.0000000000000000E+000  0.1910709511531760E-004
                        0                       76  0.1183919624481028E+003  0.0000000000000000E+000  0.1930188824234456E-004
                        0                       77  0.1199586826420108E+003  0.0000000000000000E+000  0.1945427655619253E-004
                        0                       78  0.1215255790538896E+003  0.0000000000000000E+000  0.1958096224558878E-004
                        0                       79  0.1230926997387503E+003  0.0000000000000000E+000  0.1967505092725427E-004
                        0                       80  0.1246599030172722E+003  0.0000000000000000E+000  0.1972923726134034E-004
                        0                       81  0.1262271324400753E+003  0.0000000000000000E+000  0.1975256141773425E-004
                        0                       82  0.1277942620513013E+003  0.0000000000000000E+000  0.1973098256574675E-004
                        0                       83  0.1293613780497915E+003  0.0000000000000000E+000  0.1966888986619575E-004
                        0                       84  0.1309283176524712E+003  0.0000000000000000E+000  0.1957967522088847E-004
                        0                       85  0.1324951435620415E+003  0.0000000000000000E+000  0.1945935166325646E-004
                        0                       86  0.1340617749643530E+003  0.0000000000000000E+000  0.1930911278530687E-004
                        0                       87  0.1356281497756696E+003  0.0000000000000000E+000  0.1914379872954099E-004
                        0                       88  0.1371943363841767E+003  0.0000000000000000E+000  0.1894523309914098E-004
                        0                       89  0.1387602085332652E+003  0.0000000000000000E+000  0.1872683541014504E-004
                        0                       90  0.1403257926485818E+003  0.0000000000000000E+000  0.1849875751826539E-004
                        0                       91  0.1418910241323033E+003  0.0000000000000000E+000  0.1825168852845304E-004
                        0                       92  0.1434559440401662E+003  0.0000000000000000E+000  0.1799763375543982E-004
                        0                       93  0.1450204015441195E+003  0.0000000000000000E+000  0.1773958784453025E-004
                        0                       94  0.1465845128512572E+003  0.0000000000000000E+000  0.1747019023781642E-004
                        0                       95  0.1481481848968486E+003  0.0000000000000000E+000  0.1720606286992133E-004
                        0                       96  0.1497114435665635E+003  0.0000000000000000E+000  0.1695099403862427E-004
