                                                                                                                                                                                                                                                                
                        1                        2
                   M_star                   R_star
  0.1591360000000000E+034  0.2202842449521367E+012
                        1                        2                        3                        4                        5
                        l                     n_pg                 Re(freq)                 Im(freq)                   E_norm
                        0                        1  0.3663040343280142E+002  0.0000000000000000E+000  0.1892877581139284E-001
                        0                        2  0.6424883705409968E+002  0.0000000000000000E+000  0.1285382134226624E-002
                        0                        3  0.8932305828195858E+002  0.0000000000000000E+000  0.1907071820680549E-003
                        0                        4  0.1133409106514055E+003  0.0000000000000000E+000  0.3989506321519555E-004
                        0                        5  0.1360408851909305E+003  0.0000000000000000E+000  0.9341961330689838E-005
