                                                                                                                                                                                                                                                                
                        1                        2
                   M_star                   R_star
  0.3182720000000000E+034  0.2784602419932880E+012
                        1                        2                        3                        4                        5
                        l                     n_pg                 Re(freq)                 Im(freq)                   E_norm
                        0                        1  0.5714482286694452E+002  0.0000000000000000E+000  0.1688040037216246E-004
                        0                        2  0.7308559838461986E+002  0.0000000000000000E+000  0.2082346720509231E-005
                        0                        3  0.9027935778494388E+002  0.0000000000000000E+000  0.4927098175811377E-006
                        0                        4  0.1077711283887986E+003  0.0000000000000000E+000  0.1625160023748208E-006
                        0                        5  0.1250741456239649E+003  0.0000000000000000E+000  0.8337799424935853E-007
                        0                        6  0.1431638807061238E+003  0.0000000000000000E+000  0.6119981577606741E-007
