                                                                                                                                                                                                                                                                
                        1                        2
                   M_star                   R_star
  0.1591360000000000E+034  0.2205109254435654E+012
                        1                        2                        3                        4                        5
                        l                     n_pg                 Re(freq)                 Im(freq)                   E_norm
                        0                        1  0.3342212787542228E+002  0.0000000000000000E+000  0.4274207102036282E-001
                        0                        2  0.6153194592204590E+002  0.0000000000000000E+000  0.2553353062618149E-002
                        0                        3  0.8682538545791097E+002  0.0000000000000000E+000  0.3487146118635431E-003
                        0                        4  0.1109933502052280E+003  0.0000000000000000E+000  0.6491343694822243E-004
                        0                        5  0.1337890089804284E+003  0.0000000000000000E+000  0.1374444137483227E-004
