                                                                                                                                                                                                                                                                
                        1                        2
                   M_star                   R_star
  0.1989200000000000E+034  0.2773584589071964E+012
                        1                        2                        3                        4                        5
                        l                     n_pg                 Re(freq)                 Im(freq)                   E_norm
                        0                        1  0.3228315733782487E+002  0.0000000000000000E+000  0.4182414917644885E-002
                        0                        2  0.5364439868169641E+002  0.0000000000000000E+000  0.3654487989012035E-003
                        0                        3  0.7201690871969093E+002  0.0000000000000000E+000  0.6876499041791192E-004
                        0                        4  0.8980064518655341E+002  0.0000000000000000E+000  0.1847506074905029E-004
                        0                        5  0.1078447350714506E+003  0.0000000000000000E+000  0.5184575606136533E-005
                        0                        6  0.1243512859369084E+003  0.0000000000000000E+000  0.1855713759339632E-005
                        0                        7  0.1405161250973395E+003  0.0000000000000000E+000  0.1152005611760851E-005
