                                                                                                                                                                                                                                                                
                        1                        2
                   M_star                   R_star
  0.1591360000000000E+034  0.2776567935271683E+012
                        1                        2                        3                        4                        5
                        l                     n_pg                 Re(freq)                 Im(freq)                   E_norm
                        0                        1  0.2461962820753941E+002  0.0000000000000000E+000  0.2979440119732792E-001
                        0                        2  0.4415143419495715E+002  0.0000000000000000E+000  0.1648216097987966E-002
                        0                        3  0.6140738727806755E+002  0.0000000000000000E+000  0.2287961078577494E-003
                        0                        4  0.7820670748993929E+002  0.0000000000000000E+000  0.4516742842071835E-004
                        0                        5  0.9378294878458325E+002  0.0000000000000000E+000  0.1042137583948532E-004
                        0                        6  0.1082638582621440E+003  0.0000000000000000E+000  0.4366258872070696E-005
                        0                        7  0.1234967122179125E+003  0.0000000000000000E+000  0.2330518482033114E-005
                        0                        8  0.1383258244605988E+003  0.0000000000000000E+000  0.1357583167409427E-005
