                                                                                                                                                                                                                                                                
                        1                        2
                   M_star                   R_star
  0.2387040000000000E+034  0.2207369566515989E+012
                        1                        2                        3                        4                        5
                        l                     n_pg                 Re(freq)                 Im(freq)                   E_norm
                        0                        1  0.6784056381421186E+002  0.0000000000000000E+000  0.1834312112502930E-004
                        0                        2  0.8815843601380676E+002  0.0000000000000000E+000  0.2823557152116234E-005
                        0                        3  0.1100036423082537E+003  0.0000000000000000E+000  0.8006480744239060E-006
                        0                        4  0.1324895295064798E+003  0.0000000000000000E+000  0.3255786314877831E-006
