                                                                                                                                                                                                                                                                
                        1                        2
                   M_star                   R_star
  0.2784880000000000E+034  0.2206696335941110E+012
                        1                        2                        3                        4                        5
                        l                     n_pg                 Re(freq)                 Im(freq)                   E_norm
                        0                        1  0.4378173291097757E+002  0.0000000000000000E+000  0.4826654822557828E-001
                        0                        2  0.8085654714603754E+002  0.0000000000000000E+000  0.3615150229135074E-002
                        0                        3  0.1147239296087830E+003  0.0000000000000000E+000  0.6120319659291454E-003
                        0                        4  0.1467556123061275E+003  0.0000000000000000E+000  0.1474838547065682E-003
