                                                                                                                                                                                                                                                                
                        1                        2
                   M_star                   R_star
  0.3580560000000000E+034  0.3496450072381182E+012
                        1                        2                        3                        4                        5
                        l                     n_pg                 Re(freq)                 Im(freq)                   E_norm
                        0                        1  0.4098659132556340E+002  0.0000000000000000E+000  0.2482716125493882E-004
                        0                        2  0.5390241440906965E+002  0.0000000000000000E+000  0.3895187628834360E-005
                        0                        3  0.6757995648846422E+002  0.0000000000000000E+000  0.9124691962745220E-006
                        0                        4  0.8111638587411940E+002  0.0000000000000000E+000  0.3100673968419795E-006
                        0                        5  0.9465957156512697E+002  0.0000000000000000E+000  0.1797410639332745E-006
                        0                        6  0.1090278020753150E+003  0.0000000000000000E+000  0.1402385645107939E-006
                        0                        7  0.1239688303538572E+003  0.0000000000000000E+000  0.1214967738614455E-006
                        0                        8  0.1393487938315945E+003  0.0000000000000000E+000  0.1095197664194728E-006
