                                                                                                                                                                                                                                                                
                        1                        2
                   M_star                   R_star
  0.1989200000000000E+034  0.1389101589365065E+013
                        1                        2                        3                        4                        5
                        l                     n_pg                 Re(freq)                 Im(freq)                   E_norm
                        0                        6  0.1010668400762781E+002  0.0000000000000000E+000  0.3954998884383003E-004
                        0                        7  0.1166563024619894E+002  0.0000000000000000E+000  0.3387074465440770E-004
                        0                        8  0.1328606465392886E+002  0.0000000000000000E+000  0.3478622386296899E-004
                        0                        9  0.1491753809499477E+002  0.0000000000000000E+000  0.3358671765006429E-004
                        0                       10  0.1655949398278608E+002  0.0000000000000000E+000  0.3414691530239123E-004
                        0                       11  0.1820690640505339E+002  0.0000000000000000E+000  0.3413572986769598E-004
                        0                       12  0.1986556864685303E+002  0.0000000000000000E+000  0.3504609892522905E-004
                        0                       13  0.2152681314235991E+002  0.0000000000000000E+000  0.3553437317557542E-004
                        0                       14  0.2319410750539990E+002  0.0000000000000000E+000  0.3620858771940266E-004
                        0                       15  0.2486166911629620E+002  0.0000000000000000E+000  0.3689495091295588E-004
                        0                       16  0.2653568544904200E+002  0.0000000000000000E+000  0.3768931908573139E-004
                        0                       17  0.2820937946539678E+002  0.0000000000000000E+000  0.3821205386761274E-004
                        0                       18  0.2988629747781951E+002  0.0000000000000000E+000  0.3894730818649417E-004
                        0                       19  0.3156442845597513E+002  0.0000000000000000E+000  0.3941025690877212E-004
                        0                       20  0.3324385306776320E+002  0.0000000000000000E+000  0.3997862152593655E-004
                        0                       21  0.3492498082269597E+002  0.0000000000000000E+000  0.4035447728889467E-004
                        0                       22  0.3660642630843771E+002  0.0000000000000000E+000  0.4071082233499877E-004
                        0                       23  0.3828921320032328E+002  0.0000000000000000E+000  0.4094644469398769E-004
                        0                       24  0.3997226017200283E+002  0.0000000000000000E+000  0.4112975005726985E-004
                        0                       25  0.4165635441996557E+002  0.0000000000000000E+000  0.4120096089518601E-004
                        0                       26  0.4334044731509856E+002  0.0000000000000000E+000  0.4116586575934762E-004
                        0                       27  0.4502507908983016E+002  0.0000000000000000E+000  0.4107952940276303E-004
                        0                       28  0.4670986137831126E+002  0.0000000000000000E+000  0.4089803477448601E-004
                        0                       29  0.4839511999032576E+002  0.0000000000000000E+000  0.4063110666605360E-004
                        0                       30  0.5008008667240299E+002  0.0000000000000000E+000  0.4028588428355208E-004
                        0                       31  0.5176543849310727E+002  0.0000000000000000E+000  0.3987396375057189E-004
                        0                       32  0.5345061554682196E+002  0.0000000000000000E+000  0.3938140915314182E-004
                        0                       33  0.5513574462503313E+002  0.0000000000000000E+000  0.3881936484430260E-004
                        0                       34  0.5682078306215804E+002  0.0000000000000000E+000  0.3820946397186011E-004
                        0                       35  0.5850539267591471E+002  0.0000000000000000E+000  0.3753985899761460E-004
                        0                       36  0.6019009118392920E+002  0.0000000000000000E+000  0.3683482541598374E-004
                        0                       37  0.6187417005897470E+002  0.0000000000000000E+000  0.3609456451891470E-004
                        0                       38  0.6355800705120929E+002  0.0000000000000000E+000  0.3532081473761106E-004
                        0                       39  0.6524147312672410E+002  0.0000000000000000E+000  0.3455460052216732E-004
                        0                       40  0.6692457777907242E+002  0.0000000000000000E+000  0.3374176600473019E-004
                        0                       41  0.6860695177456108E+002  0.0000000000000000E+000  0.3294680067754333E-004
                        0                       42  0.7028927727998810E+002  0.0000000000000000E+000  0.3215858595664146E-004
                        0                       43  0.7197084552567925E+002  0.0000000000000000E+000  0.3135621166804911E-004
                        0                       44  0.7365187767916892E+002  0.0000000000000000E+000  0.3058587348430524E-004
                        0                       45  0.7533255430001665E+002  0.0000000000000000E+000  0.2982787881261220E-004
                        0                       46  0.7701245063897262E+002  0.0000000000000000E+000  0.2909907865678144E-004
                        0                       47  0.7869176694593244E+002  0.0000000000000000E+000  0.2840943804229718E-004
                        0                       48  0.8037071603418907E+002  0.0000000000000000E+000  0.2775689213199410E-004
                        0                       49  0.8204896821135074E+002  0.0000000000000000E+000  0.2715068637757036E-004
                        0                       50  0.8372672694830504E+002  0.0000000000000000E+000  0.2659111910576640E-004
                        0                       51  0.8540400152412815E+002  0.0000000000000000E+000  0.2609369057982974E-004
                        0                       52  0.8708109518704416E+002  0.0000000000000000E+000  0.2566948643845671E-004
                        0                       53  0.8875800624620189E+002  0.0000000000000000E+000  0.2527100131848386E-004
                        0                       54  0.9043440023297802E+002  0.0000000000000000E+000  0.2492333434636550E-004
                        0                       55  0.9211036648751011E+002  0.0000000000000000E+000  0.2464040116892692E-004
                        0                       56  0.9378621171933808E+002  0.0000000000000000E+000  0.2443038558880006E-004
                        0                       57  0.9546219943764461E+002  0.0000000000000000E+000  0.2428424776756911E-004
                        0                       58  0.9713830147954512E+002  0.0000000000000000E+000  0.2418648440947519E-004
                        0                       59  0.9881434050083452E+002  0.0000000000000000E+000  0.2412699263748499E-004
                        0                       60  0.1004904148860997E+003  0.0000000000000000E+000  0.2412369734661470E-004
                        0                       61  0.1021665445659686E+003  0.0000000000000000E+000  0.2417718584936433E-004
                        0                       62  0.1038428593224102E+003  0.0000000000000000E+000  0.2427856607838070E-004
                        0                       63  0.1055195653213652E+003  0.0000000000000000E+000  0.2443474340473427E-004
                        0                       64  0.1071966682322441E+003  0.0000000000000000E+000  0.2465897981809381E-004
                        0                       65  0.1088742508885351E+003  0.0000000000000000E+000  0.2490891562553917E-004
                        0                       66  0.1105523592196146E+003  0.0000000000000000E+000  0.2520393172535118E-004
                        0                       67  0.1122309803899229E+003  0.0000000000000000E+000  0.2553026294017876E-004
                        0                       68  0.1139100817113242E+003  0.0000000000000000E+000  0.2586978206577734E-004
                        0                       69  0.1155896923628506E+003  0.0000000000000000E+000  0.2622638717256006E-004
                        0                       70  0.1172697357022929E+003  0.0000000000000000E+000  0.2661003274854757E-004
                        0                       71  0.1189502652589105E+003  0.0000000000000000E+000  0.2700105782903256E-004
                        0                       72  0.1206312301890334E+003  0.0000000000000000E+000  0.2741088516164530E-004
                        0                       73  0.1223126440077371E+003  0.0000000000000000E+000  0.2782630624427455E-004
                        0                       74  0.1239945157413973E+003  0.0000000000000000E+000  0.2824340414689302E-004
                        0                       75  0.1256768248037982E+003  0.0000000000000000E+000  0.2864141743449180E-004
                        0                       76  0.1273595894703823E+003  0.0000000000000000E+000  0.2905170980766719E-004
                        0                       77  0.1290426979125730E+003  0.0000000000000000E+000  0.2943091115990188E-004
                        0                       78  0.1307261986105279E+003  0.0000000000000000E+000  0.2980162790265432E-004
                        0                       79  0.1324099707581721E+003  0.0000000000000000E+000  0.3015682588162022E-004
                        0                       80  0.1340940578719652E+003  0.0000000000000000E+000  0.3048513438886573E-004
                        0                       81  0.1357783587585851E+003  0.0000000000000000E+000  0.3077054777913390E-004
                        0                       82  0.1374629089094201E+003  0.0000000000000000E+000  0.3105440868370282E-004
                        0                       83  0.1391476530439257E+003  0.0000000000000000E+000  0.3129400121922580E-004
                        0                       84  0.1408325735588412E+003  0.0000000000000000E+000  0.3151426728063454E-004
                        0                       85  0.1425176610457483E+003  0.0000000000000000E+000  0.3170561718178030E-004
                        0                       86  0.1442028097113729E+003  0.0000000000000000E+000  0.3186518703435660E-004
                        0                       87  0.1458880993711341E+003  0.0000000000000000E+000  0.3195854456400132E-004
                        0                       88  0.1475733574031667E+003  0.0000000000000000E+000  0.3203794317851553E-004
                        0                       89  0.1492587170921457E+003  0.0000000000000000E+000  0.3207207751679869E-004
