                                                                                                                                                                                                                                                                
                        1                        2
                   M_star                   R_star
  0.2784880000000000E+034  0.2779867608926747E+012
                        1                        2                        3                        4                        5
                        l                     n_pg                 Re(freq)                 Im(freq)                   E_norm
                        0                        1  0.5130448949096179E+002  0.0000000000000000E+000  0.2115302096491824E-004
                        0                        2  0.6722389497611157E+002  0.0000000000000000E+000  0.3279451264325753E-005
                        0                        3  0.8403082653958580E+002  0.0000000000000000E+000  0.8420048982975115E-006
                        0                        4  0.1008841814042797E+003  0.0000000000000000E+000  0.3226442274555721E-006
                        0                        5  0.1179199242510233E+003  0.0000000000000000E+000  0.2021304605034612E-006
                        0                        6  0.1359552687187608E+003  0.0000000000000000E+000  0.1687506068013186E-006
