                                                                                                                                                                                                                                                                
                        1                        2
                   M_star                   R_star
  0.1591360000000000E+034  0.2772156969716150E+012
                        1                        2                        3                        4                        5
                        l                     n_pg                 Re(freq)                 Im(freq)                   E_norm
                        0                        1  0.2399791547075795E+002  0.0000000000000000E+000  0.3794265455072387E-001
                        0                        2  0.4380692482102341E+002  0.0000000000000000E+000  0.2075479565210140E-002
                        0                        3  0.6149111963668435E+002  0.0000000000000000E+000  0.2633143816573371E-003
                        0                        4  0.7830437566689163E+002  0.0000000000000000E+000  0.4368788773256605E-004
                        0                        5  0.9348573856364202E+002  0.0000000000000000E+000  0.9890846649947228E-005
                        0                        6  0.1080864335987412E+003  0.0000000000000000E+000  0.3931269523169870E-005
                        0                        7  0.1229573969830193E+003  0.0000000000000000E+000  0.1880165633602480E-005
                        0                        8  0.1374429149110561E+003  0.0000000000000000E+000  0.1186614378783000E-005
