                                                                                                                                                                                                                                                                
                        1                        2
                   M_star                   R_star
  0.3182720000000000E+034  0.3491481925097469E+012
                        1                        2                        3                        4                        5
                        l                     n_pg                 Re(freq)                 Im(freq)                   E_norm
                        0                        1  0.2200545261138842E+002  0.0000000000000000E+000  0.7218731399925409E-001
                        0                        2  0.4241311849276243E+002  0.0000000000000000E+000  0.4371597526791574E-002
                        0                        3  0.6047240532364029E+002  0.0000000000000000E+000  0.6440682946924092E-003
                        0                        4  0.7750947853018199E+002  0.0000000000000000E+000  0.1411048449697497E-003
                        0                        5  0.9416415955674927E+002  0.0000000000000000E+000  0.3590156209849401E-004
                        0                        6  0.1099509246321553E+003  0.0000000000000000E+000  0.9808462427769650E-005
                        0                        7  0.1246537658647750E+003  0.0000000000000000E+000  0.3861194750320739E-005
                        0                        8  0.1395921526144424E+003  0.0000000000000000E+000  0.2111839133958984E-005
