                                                                                                                                                                                                                                                                
                        1                        2
                   M_star                   R_star
  0.1989200000000000E+034  0.1748913577912306E+013
                        1                        2                        3                        4                        5
                        l                     n_pg                 Re(freq)                 Im(freq)                   E_norm
                        0                        9  0.1063163993817718E+002  0.0000000000000000E+000  0.6389714954338426E-004
                        0                       10  0.1182378365914109E+002  0.0000000000000000E+000  0.6490000146698710E-004
                        0                       11  0.1300419531767701E+002  0.0000000000000000E+000  0.6584973206049325E-004
                        0                       12  0.1419921735995011E+002  0.0000000000000000E+000  0.6767562710845199E-004
                        0                       13  0.1539453046400332E+002  0.0000000000000000E+000  0.6917535860126576E-004
                        0                       14  0.1659261215455982E+002  0.0000000000000000E+000  0.7031768047141858E-004
                        0                       15  0.1779135663573166E+002  0.0000000000000000E+000  0.7212737534180074E-004
                        0                       16  0.1899464805490895E+002  0.0000000000000000E+000  0.7333015446747645E-004
                        0                       17  0.2019689809729527E+002  0.0000000000000000E+000  0.7468349522556165E-004
                        0                       18  0.2140222031772374E+002  0.0000000000000000E+000  0.7555601805602600E-004
                        0                       19  0.2260658121123425E+002  0.0000000000000000E+000  0.7653083809180318E-004
                        0                       20  0.2381360897072022E+002  0.0000000000000000E+000  0.7721556821703206E-004
                        0                       21  0.2501997278107790E+002  0.0000000000000000E+000  0.7762384834951856E-004
                        0                       22  0.2622758313888071E+002  0.0000000000000000E+000  0.7785445746869876E-004
                        0                       23  0.2743495102824507E+002  0.0000000000000000E+000  0.7790125892389437E-004
                        0                       24  0.2864336629847687E+002  0.0000000000000000E+000  0.7774997036446806E-004
                        0                       25  0.2985158743137281E+002  0.0000000000000000E+000  0.7728576961764415E-004
                        0                       26  0.3105992780029952E+002  0.0000000000000000E+000  0.7668555896373449E-004
                        0                       27  0.3226844038319339E+002  0.0000000000000000E+000  0.7589981290474987E-004
                        0                       28  0.3347712089419040E+002  0.0000000000000000E+000  0.7490645228069143E-004
                        0                       29  0.3468537849494672E+002  0.0000000000000000E+000  0.7369355796082431E-004
                        0                       30  0.3589365279508152E+002  0.0000000000000000E+000  0.7240069682476207E-004
                        0                       31  0.3710169896116652E+002  0.0000000000000000E+000  0.7097441833286842E-004
                        0                       32  0.3830958935649076E+002  0.0000000000000000E+000  0.6940849936348268E-004
                        0                       33  0.3951712272078566E+002  0.0000000000000000E+000  0.6775820764090344E-004
                        0                       34  0.4072420612706502E+002  0.0000000000000000E+000  0.6604641257057154E-004
                        0                       35  0.4193113652399871E+002  0.0000000000000000E+000  0.6428931793550259E-004
                        0                       36  0.4313751962583702E+002  0.0000000000000000E+000  0.6247786886294977E-004
                        0                       37  0.4434325205151253E+002  0.0000000000000000E+000  0.6065520546759695E-004
                        0                       38  0.4554869590360398E+002  0.0000000000000000E+000  0.5891627871603633E-004
                        0                       39  0.4675357348065504E+002  0.0000000000000000E+000  0.5713952076622128E-004
                        0                       40  0.4795781394513978E+002  0.0000000000000000E+000  0.5547624395766332E-004
                        0                       41  0.4916162561382124E+002  0.0000000000000000E+000  0.5386429815348154E-004
                        0                       42  0.5036483142964256E+002  0.0000000000000000E+000  0.5235189743260392E-004
                        0                       43  0.5156763025719555E+002  0.0000000000000000E+000  0.5093734262785124E-004
                        0                       44  0.5276990031886759E+002  0.0000000000000000E+000  0.4959668974881974E-004
                        0                       45  0.5397149266668328E+002  0.0000000000000000E+000  0.4839692451100504E-004
                        0                       46  0.5517269088888525E+002  0.0000000000000000E+000  0.4734150016199324E-004
                        0                       47  0.5637344109388894E+002  0.0000000000000000E+000  0.4642807330777408E-004
                        0                       48  0.5757388740641738E+002  0.0000000000000000E+000  0.4569062558996946E-004
                        0                       49  0.5877420321945583E+002  0.0000000000000000E+000  0.4509294327848743E-004
                        0                       50  0.5997425334605663E+002  0.0000000000000000E+000  0.4463439952522929E-004
                        0                       51  0.6117413217438650E+002  0.0000000000000000E+000  0.4434957007496816E-004
                        0                       52  0.6237416123225368E+002  0.0000000000000000E+000  0.4425032698235017E-004
                        0                       53  0.6357444315399336E+002  0.0000000000000000E+000  0.4428081603769646E-004
                        0                       54  0.6477497041997259E+002  0.0000000000000000E+000  0.4442465334016558E-004
                        0                       55  0.6597571023454822E+002  0.0000000000000000E+000  0.4468197980248976E-004
                        0                       56  0.6717673850399387E+002  0.0000000000000000E+000  0.4506110554919525E-004
                        0                       57  0.6837806892907214E+002  0.0000000000000000E+000  0.4554797907632073E-004
                        0                       58  0.6957977016194890E+002  0.0000000000000000E+000  0.4614195507553537E-004
                        0                       59  0.7078192520372536E+002  0.0000000000000000E+000  0.4683952067911283E-004
                        0                       60  0.7198460232491851E+002  0.0000000000000000E+000  0.4762726746525862E-004
                        0                       61  0.7318781846872709E+002  0.0000000000000000E+000  0.4847624771558845E-004
                        0                       62  0.7439156181479602E+002  0.0000000000000000E+000  0.4936946002029947E-004
                        0                       63  0.7559580672180546E+002  0.0000000000000000E+000  0.5028852064777591E-004
                        0                       64  0.7680053593510168E+002  0.0000000000000000E+000  0.5124391888116943E-004
                        0                       65  0.7800575524592550E+002  0.0000000000000000E+000  0.5219305651143668E-004
                        0                       66  0.7921137506959508E+002  0.0000000000000000E+000  0.5315780724812130E-004
                        0                       67  0.8041739395714281E+002  0.0000000000000000E+000  0.5409931487477439E-004
                        0                       68  0.8162385451441588E+002  0.0000000000000000E+000  0.5501999283904030E-004
                        0                       69  0.8283063809612344E+002  0.0000000000000000E+000  0.5588920717931155E-004
                        0                       70  0.8403775390020763E+002  0.0000000000000000E+000  0.5669789035104435E-004
                        0                       71  0.8524517941868237E+002  0.0000000000000000E+000  0.5744219277667926E-004
                        0                       72  0.8645280927785846E+002  0.0000000000000000E+000  0.5811417381335482E-004
                        0                       73  0.8766068763614119E+002  0.0000000000000000E+000  0.5872818132989174E-004
                        0                       74  0.8886869649144161E+002  0.0000000000000000E+000  0.5925639570333303E-004
                        0                       75  0.9007690174840386E+002  0.0000000000000000E+000  0.5970089640513691E-004
                        0                       76  0.9128519260895084E+002  0.0000000000000000E+000  0.6005786829390823E-004
                        0                       77  0.9249357119676981E+002  0.0000000000000000E+000  0.6031674291451165E-004
                        0                       78  0.9370200355291362E+002  0.0000000000000000E+000  0.6048073948957849E-004
                        0                       79  0.9491043353009704E+002  0.0000000000000000E+000  0.6054253669384087E-004
                        0                       80  0.9611887878845582E+002  0.0000000000000000E+000  0.6051527903455565E-004
                        0                       81  0.9732721711408608E+002  0.0000000000000000E+000  0.6040407421438550E-004
                        0                       82  0.9853554129640806E+002  0.0000000000000000E+000  0.6020199582330084E-004
                        0                       83  0.9974370579321881E+002  0.0000000000000000E+000  0.5992582103896036E-004
                        0                       84  0.1009517977894253E+003  0.0000000000000000E+000  0.5955462319938378E-004
                        0                       85  0.1021596917285703E+003  0.0000000000000000E+000  0.5913331019669088E-004
                        0                       86  0.1033674163626120E+003  0.0000000000000000E+000  0.5862998971992559E-004
                        0                       87  0.1045749256688301E+003  0.0000000000000000E+000  0.5810727775463569E-004
                        0                       88  0.1057822114676974E+003  0.0000000000000000E+000  0.5752930312158689E-004
                        0                       89  0.1069893198411387E+003  0.0000000000000000E+000  0.5693015019190455E-004
                        0                       90  0.1081961768160553E+003  0.0000000000000000E+000  0.5628504923859727E-004
                        0                       91  0.1094028301365280E+003  0.0000000000000000E+000  0.5562069585796132E-004
                        0                       92  0.1106092084852662E+003  0.0000000000000000E+000  0.5495820359998402E-004
                        0                       93  0.1118153377257747E+003  0.0000000000000000E+000  0.5428889761347365E-004
                        0                       94  0.1130212119358711E+003  0.0000000000000000E+000  0.5362103056224128E-004
                        0                       95  0.1142267947418793E+003  0.0000000000000000E+000  0.5296306707218575E-004
                        0                       96  0.1154321105029554E+003  0.0000000000000000E+000  0.5233933234418687E-004
                        0                       97  0.1166371712859796E+003  0.0000000000000000E+000  0.5177889009206101E-004
                        0                       98  0.1178419804545558E+003  0.0000000000000000E+000  0.5122036732570113E-004
                        0                       99  0.1190466127943197E+003  0.0000000000000000E+000  0.5072393535708360E-004
                        0                      100  0.1202509927408010E+003  0.0000000000000000E+000  0.5024680675544694E-004
                        0                      101  0.1214552945460077E+003  0.0000000000000000E+000  0.4987057272676637E-004
                        0                      102  0.1226593483685349E+003  0.0000000000000000E+000  0.4952650038018663E-004
                        0                      103  0.1238633808052597E+003  0.0000000000000000E+000  0.4924392288114998E-004
                        0                      104  0.1250672526641347E+003  0.0000000000000000E+000  0.4902185302025735E-004
                        0                      105  0.1262711272441875E+003  0.0000000000000000E+000  0.4885934949287849E-004
                        0                      106  0.1274749601976232E+003  0.0000000000000000E+000  0.4876876939483488E-004
                        0                      107  0.1286787967377526E+003  0.0000000000000000E+000  0.4871536643344609E-004
                        0                      108  0.1298826999441684E+003  0.0000000000000000E+000  0.4873763285157491E-004
                        0                      109  0.1310866125265997E+003  0.0000000000000000E+000  0.4885004263760540E-004
                        0                      110  0.1322906729618040E+003  0.0000000000000000E+000  0.4900813008000025E-004
                        0                      111  0.1334948006664951E+003  0.0000000000000000E+000  0.4921887390945494E-004
                        0                      112  0.1346991260027313E+003  0.0000000000000000E+000  0.4941597849761064E-004
                        0                      113  0.1359035622141976E+003  0.0000000000000000E+000  0.4969767002456466E-004
                        0                      114  0.1371081972161125E+003  0.0000000000000000E+000  0.5003402423003712E-004
                        0                      115  0.1383129766223904E+003  0.0000000000000000E+000  0.5042431965677306E-004
                        0                      116  0.1395179731089364E+003  0.0000000000000000E+000  0.5084471898158049E-004
                        0                      117  0.1407231587188532E+003  0.0000000000000000E+000  0.5122926371240483E-004
                        0                      118  0.1419286016641166E+003  0.0000000000000000E+000  0.5167164625877078E-004
                        0                      119  0.1431342254635722E+003  0.0000000000000000E+000  0.5207171073872494E-004
                        0                      120  0.1443400819292712E+003  0.0000000000000000E+000  0.5253492851320847E-004
                        0                      121  0.1455461219542563E+003  0.0000000000000000E+000  0.5297108297262284E-004
                        0                      122  0.1467523999985654E+003  0.0000000000000000E+000  0.5342628980921843E-004
                        0                      123  0.1479588129593783E+003  0.0000000000000000E+000  0.5384979077064268E-004
                        0                      124  0.1491654521747101E+003  0.0000000000000000E+000  0.5424673699287303E-004
