                                                                                                                                                                                                                                                                
                        1                        2
                   M_star                   R_star
  0.3580560000000000E+034  0.2784195234845280E+012
                        1                        2                        3                        4                        5
                        l                     n_pg                 Re(freq)                 Im(freq)                   E_norm
                        0                        1  0.6094786818529307E+002  0.0000000000000000E+000  0.1773025345368839E-004
                        0                        2  0.7767522973974502E+002  0.0000000000000000E+000  0.1950698543907199E-005
                        0                        3  0.9591339307494702E+002  0.0000000000000000E+000  0.4139588725596173E-006
                        0                        4  0.1146475067699332E+003  0.0000000000000000E+000  0.1148899819554511E-006
                        0                        5  0.1329164901708060E+003  0.0000000000000000E+000  0.4320793376439954E-007
