                                                                                                                                                                                                                                                                
                        1                        2
                   M_star                   R_star
  0.2387040000000000E+034  0.2203673589882034E+012
                        1                        2                        3                        4                        5
                        l                     n_pg                 Re(freq)                 Im(freq)                   E_norm
                        0                        1  0.5691065511756102E+002  0.0000000000000000E+000  0.3884080787441810E-003
                        0                        2  0.8485133789599216E+002  0.0000000000000000E+000  0.8048681193414259E-004
                        0                        3  0.1124101854569178E+003  0.0000000000000000E+000  0.1638604432483654E-004
                        0                        4  0.1384965661286214E+003  0.0000000000000000E+000  0.5259534318335788E-005
