                                                                                                                                                                                                                                                                
                        1                        2
                   M_star                   R_star
  0.2387040000000000E+034  0.2205797534838913E+012
                        1                        2                        3                        4                        5
                        l                     n_pg                 Re(freq)                 Im(freq)                   E_norm
                        0                        1  0.4115290811139218E+002  0.0000000000000000E+000  0.4304000548957122E-001
                        0                        2  0.7549872409305458E+002  0.0000000000000000E+000  0.3118114031153500E-002
                        0                        3  0.1069159025876003E+003  0.0000000000000000E+000  0.5023850903888599E-003
                        0                        4  0.1367122000021282E+003  0.0000000000000000E+000  0.1150804914164229E-003
