                                                                                                                                                                                                                                                                
                        1                        2
                   M_star                   R_star
  0.2387040000000000E+034  0.2773330276225969E+012
                        1                        2                        3                        4                        5
                        l                     n_pg                 Re(freq)                 Im(freq)                   E_norm
                        0                        1  0.2825791705372779E+002  0.0000000000000000E+000  0.5325338873036894E-001
                        0                        2  0.5286996996463139E+002  0.0000000000000000E+000  0.3370390665015529E-002
                        0                        3  0.7499914113524731E+002  0.0000000000000000E+000  0.4941319992122842E-003
                        0                        4  0.9602819653790961E+002  0.0000000000000000E+000  0.1037554881682149E-003
                        0                        5  0.1163572590836777E+003  0.0000000000000000E+000  0.2441929876114584E-004
                        0                        6  0.1351966171038199E+003  0.0000000000000000E+000  0.7021375694690488E-005
