                                                                                                                                                                                                                                                                
                        1                        2
                   M_star                   R_star
  0.1591360000000000E+034  0.2771980545588499E+012
                        1                        2                        3                        4                        5
                        l                     n_pg                 Re(freq)                 Im(freq)                   E_norm
                        0                        1  0.2412371075306755E+002  0.0000000000000000E+000  0.3625506487810689E-001
                        0                        2  0.4385849424548402E+002  0.0000000000000000E+000  0.1979232992035733E-002
                        0                        3  0.6137897497606785E+002  0.0000000000000000E+000  0.2614618977694385E-003
                        0                        4  0.7822003270515538E+002  0.0000000000000000E+000  0.4651845808540164E-004
                        0                        5  0.9358085508730436E+002  0.0000000000000000E+000  0.1051158667203601E-004
                        0                        6  0.1081412418024487E+003  0.0000000000000000E+000  0.4262034298711454E-005
                        0                        7  0.1232007505373199E+003  0.0000000000000000E+000  0.2093260746886522E-005
                        0                        8  0.1377684310543379E+003  0.0000000000000000E+000  0.1268312149355849E-005
