                                                                                                                                                                                                                                                                
                        1                        2
                   M_star                   R_star
  0.1989200000000000E+034  0.2225044428552692E+012
                        1                        2                        3                        4                        5
                        l                     n_pg                 Re(freq)                 Im(freq)                   E_norm
                        0                        1  0.3584210758269241E+002  0.0000000000000000E+000  0.5357151997973861E-001
                        0                        2  0.6712730769490474E+002  0.0000000000000000E+000  0.3381158958631436E-002
                        0                        3  0.9529965757230289E+002  0.0000000000000000E+000  0.4944519770468934E-003
                        0                        4  0.1221200241001166E+003  0.0000000000000000E+000  0.1027809284299589E-003
                        0                        5  0.1481295033779750E+003  0.0000000000000000E+000  0.2388490917450664E-004
