                                                                                                                                                                                                                                                                
                        1                        2
                   M_star                   R_star
  0.3580560000000000E+034  0.3503646819292323E+012
                        1                        2                        3                        4                        5
                        l                     n_pg                 Re(freq)                 Im(freq)                   E_norm
                        0                        1  0.4255624511782476E+002  0.0000000000000000E+000  0.1856865484463544E-004
                        0                        2  0.5457253772396736E+002  0.0000000000000000E+000  0.2506696907502852E-005
                        0                        3  0.6747260377532017E+002  0.0000000000000000E+000  0.6147460879743676E-006
                        0                        4  0.8044875005872511E+002  0.0000000000000000E+000  0.2197877857428957E-006
                        0                        5  0.9354303351368918E+002  0.0000000000000000E+000  0.1290838480968313E-006
                        0                        6  0.1074846180488236E+003  0.0000000000000000E+000  0.1016064520023013E-006
                        0                        7  0.1221027562108469E+003  0.0000000000000000E+000  0.8446458432484552E-007
                        0                        8  0.1371056011603194E+003  0.0000000000000000E+000  0.7011646815880933E-007
