                                                                                                                                                                                                                                                                
                        1                        2
                   M_star                   R_star
  0.3580560000000000E+034  0.2785593730789121E+012
                        1                        2                        3                        4                        5
                        l                     n_pg                 Re(freq)                 Im(freq)                   E_norm
                        0                        1  0.6089241049119224E+002  0.0000000000000000E+000  0.1911900735075559E-004
                        0                        2  0.7769431521166126E+002  0.0000000000000000E+000  0.2125235250170474E-005
                        0                        3  0.9578880732798837E+002  0.0000000000000000E+000  0.4690134722225320E-006
                        0                        4  0.1143837781290342E+003  0.0000000000000000E+000  0.1404645775140314E-006
                        0                        5  0.1326240977660588E+003  0.0000000000000000E+000  0.5938605207394182E-007
