                                                                                                                                                                                                                                                                
                        1                        2
                   M_star                   R_star
  0.2784880000000000E+034  0.2775264502782357E+012
                        1                        2                        3                        4                        5
                        l                     n_pg                 Re(freq)                 Im(freq)                   E_norm
                        0                        1  0.5316573460238975E+002  0.0000000000000000E+000  0.1497047980975351E-004
                        0                        2  0.6826378836256352E+002  0.0000000000000000E+000  0.2093805864812411E-005
                        0                        3  0.8454209862891661E+002  0.0000000000000000E+000  0.5407853574447059E-006
                        0                        4  0.1008928599403763E+003  0.0000000000000000E+000  0.2079130879619932E-006
                        0                        5  0.1174760742742040E+003  0.0000000000000000E+000  0.1326566930263951E-006
                        0                        6  0.1351485659432127E+003  0.0000000000000000E+000  0.1127921286829066E-006
