                                                                                                                                                                                                                                                                
                        1                        2
                   M_star                   R_star
  0.3580560000000000E+034  0.3488694097055052E+012
                        1                        2                        3                        4                        5
                        l                     n_pg                 Re(freq)                 Im(freq)                   E_norm
                        0                        1  0.3869290706294741E+002  0.0000000000000000E+000  0.6544751131110839E-004
                        0                        2  0.5220908260095836E+002  0.0000000000000000E+000  0.1637192608849599E-004
                        0                        3  0.6722397794302074E+002  0.0000000000000000E+000  0.5627194559870811E-005
                        0                        4  0.8268705933129426E+002  0.0000000000000000E+000  0.2060136224915874E-005
                        0                        5  0.9764222776437926E+002  0.0000000000000000E+000  0.9952372857684521E-006
                        0                        6  0.1129372285383630E+003  0.0000000000000000E+000  0.6851054840722844E-006
                        0                        7  0.1289842549029432E+003  0.0000000000000000E+000  0.5118895591822587E-006
                        0                        8  0.1452524560162661E+003  0.0000000000000000E+000  0.3634012107834926E-006
